0
1
1
1
1
2
2
2
2
2
3
3
3
3.2
4
4
4
4
5
5
5
6
6
6
6
6
6
6
7
7
8
8
8
8
9
9
9
9
9
9
10.6
12.3
13.1
13.1
13.2
13.5
14.1
15.8
17.3
20.5
20.8
22.5
25.3
29.2
30.1
37.9
38.0
39.0
39.2
39.5
40.0
40.5
42.3
43.0
43.5
44.8
45.0
45.5
46.6
47.2
47.2
49.4
49.8
53.4
55.0
57.3
57.6
58.3
59.3
60.0
61.0
61.8
62.3
62.5
65.1
65.3
65.4
65.8
66.0
66.4
67.8
68.5
68.5
69.9
70.0
70.2
70.4
71.1
71.6
73.3
75.4
76.2
78.7
82.1
82.6
83.8
83.9
85.4
86.5
87.3
90.4
91.9
93.3
99.1
101.3
101.8
103.0
104.2
104.5
105.6
107.6
108.3
109.1
109.3
110.7
110.9
117.1
117.2
119.5
119.8
120.1
120.7
121.3
122.5
123.7
124.7
125.1
125.4
125.8
126.2
128.7
129.4
129.8
131.6
132.0
133.3
135.0
135.4
136.4
137.9
139.2
139.2
141.8
142.7
142.7
143.6
146.6
147.4
147.4
147.8
149.0
150.5
152.3
153.2
154.4
155.1
155.2
156.1
156.7
156.9
156.9
158.1
158.2
158.5
159.7
160.1
160.3
160.8
161.2
161.2
161.3
162.3
162.5
162.8
162.9
163.3
163.9
165.0
165.3
165.5
166.0
168.6
168.9
171.7
174.1
174.4
175.5
175.5
176.2
176.3
176.4
176.7
177.6
178.2
178.6
179.8
180.2
182.9
183.4
183.5
183.7
185.8
186.1
186.5
187.4
187.5
188.2
189.6
191.4
192.2
192.5
194.5
194.8
195.0
196.0
196.0
196.5
196.9
197.8
197.8
198.5
198.9
201.1
201.2
203.3
204.1
204.5
204.8
206.5
209.4
210.0
211.3
212.7
213.0
215.0
215.4
218.2
218.2
218.8
219.8
219.8
220.9
222.5
223.6
224.6
224.6
230.2
231.6
232.1
234.1
234.6
235.8
236.8
238.0
239.8
240.2
240.5
241.3
242.0
246.0
247.4
247.8
248.4
249.4
250.0
250.5
252.0
252.7
253.0
253.2
254.3
254.4
255.1
258.2
260.7
261.9
262.1
262.3
265.7
265.9
266.6
269.1
270.8
270.9
273.9
274.0
274.2
274.3
275.1
275.8
275.9
276.1
276.7
277.9
279.4
280.2
284.5
284.6
285.1
285.2
285.3
287.0
287.9
288.1
288.5
288.6
288.6
290.7
291.4
291.6
291.8
292.0
292.5
293.1
293.5
294.9
295.7
296.6
297.5
300.0
300.9
302.2
302.4
303.9
304.4
304.8
307.0
308.3
308.4
308.8
309.8
312.2
315.5
316.2
319.9
320.4
322.4
322.9
324.1
324.7
330.2
330.3
330.5
331.6
332.9
332.9
333.7
334.2
335.5
336.6
336.9
337.6
340.4
340.4
342.2
344.0
344.4
344.4
344.5
345.5
345.6
345.7
347.3
347.4
348.1
348.8
351.1
351.8
352.6
352.8
353.4
355.3
357.0
357.0
359.0
359.1
359.5
359.7
360.0
360.8
361.4
363.3
365.8
368.5
371.5
371.6
373.7
374.0
374.9
377.1
377.6
378.0
378.1
380.6
381.0
381.1
381.9
381.9
382.3
382.7
384.5
385.2
390.1
390.4
391.0
391.2
392.4
393.4
393.7
394.3
394.6
394.9
396.0
398.5
398.5
398.8
398.8
399.2
399.6
403.6
403.7
404.5
406.2
406.7
406.8
407.7
409.0
411.1
411.5
412.3
413.7
414.7
414.8
415.2
415.5
415.7
415.8
415.8
416.6
417.0
417.2
417.8
417.9
420.3
420.6
427.1
427.9
428.9
428.9
430.5
431.5
432.3
433.9
434.2
435.7
436.9
438.3
438.8
440.1
441.2
441.4
441.9
442.1
442.6
442.9
444.5
445.1
445.6
445.6
445.9
446.0
446.3
447.3
448.4
448.7
449.4
449.9
450.0
450.5
450.9
451.1
451.6
451.7
452.3
453.3
453.4
456.0
458.0
458.2
458.7
458.8
459.9
461.1
461.9
462.5
463.2
463.2
463.4
464.1
464.4
467.3
467.4
468.1
468.9
469.5
469.8
475.2
475.8
476.4
477.0
477.1
477.8
478.5
479.4
480.2
480.4
481.8
482.6
485.2
486.8
487.7
487.8
488.6
489.1
489.4
490.1
490.6
491.3
491.4
494.0
494.5
495.0
495.9
496.4
496.6
498.3
499.2
499.4
500.3
500.5
501.7
502.4
504.6
504.8
505.0
505.4
506.5
508.4
509.1
509.7
510.1
512.5
513.2
513.6
515.7
517.4
517.7
518.8
519.4
520.0
522.7
522.8
525.6
526.1
526.6
526.7
529.3
529.7
532.8
533.6
535.6
536.1
537.0
537.5
537.8
538.1
539.9
539.9
540.3
540.5
540.6
540.8
541.0
541.3
541.4
542.0
543.2
544.2
546.1
547.4
547.5
548.1
551.0
551.6
552.8
553.1
553.5
554.1
555.4
555.7
556.9
557.8
558.3
560.6
564.7
565.3
565.9
566.4
568.2
568.6
568.8
569.2
569.9
570.3
572.7
574.7
575.8
576.0
576.0
578.1
581.1
582.4
582.6
582.9
582.9
583.1
583.7
584.2
584.5
587.1
587.3
588.3
588.7
590.6
592.0
592.8
596.8
597.9
598.3
600.8
600.9
602.3
603.4
604.3
604.4
604.7
606.6
607.1
609.9
609.9
611.0
612.8
613.5
614.0
614.1
614.5
615.5
616.1
616.5
619.3
620.8
622.2
622.7
624.5
625.2
625.5
626.6
626.9
627.1
631.2
634.7
635.0
636.2
636.6
637.3
637.9
639.4
639.4
641.6
641.7
642.8
645.0
647.1
648.6
650.7
651.4
651.4
652.9
655.9
656.3
656.6
657.4
659.4
662.2
663.4
663.8
664.3
665.0
666.9
669.1
670.4
673.0
673.7
674.0
674.2
677.0
677.8
679.2
680.6
680.7
684.3
685.2
686.0
687.5
687.8
689.0
689.4
691.9
693.2
694.2
695.5
697.4
697.8
699.3
700.6
701.4
701.4
701.7
701.9
703.9
705.8
707.7
709.7
711.9
716.3
717.5
719.5
719.7
720.3
720.4
720.4
720.8
722.7
723.5
723.5
723.7
724.4
725.9
727.5
728.4
729.8
730.4
731.8
731.9
732.6
733.9
734.0
735.1
735.5
736.0
737.9
739.2
740.1
741.3
741.9
743.2
744.7
745.0
748.2
748.2
749.6
749.6
749.7
752.7
754.6
755.4
755.5
755.6
756.8
757.2
757.5
758.2
760.9
762.8
762.9
766.0
768.1
769.0
769.1
772.6
772.7
773.0
773.0
773.8
774.1
775.8
777.9
778.4
783.2
784.5
785.1
787.5
788.6
789.3
789.4
790.3
790.4
790.6
791.2
791.3
791.9
793.0
793.2
793.2
795.4
795.5
795.8
796.4
796.5
796.9
802.8
802.9
804.6
804.6
807.4
807.6
808.8
812.7
813.6
814.5
815.7
816.3
817.6
818.0
818.0
819.6
821.4
822.9
823.1
823.8
823.9
824.3
827.5
828.5
829.2
829.9
830.1
830.8
834.1
835.9
839.0
839.7
841.5
843.2
843.8
844.0
845.8
845.8
845.9
846.6
846.9
847.4
847.7
847.7
847.8
848.1
849.4
849.5
851.1
852.4
852.4
854.1
854.5
854.9
857.2
858.1
858.4
858.6
859.7
862.2
862.6
862.8
865.4
865.6
867.3
869.6
869.8
871.7
873.1
873.9
874.1
876.0
876.8
879.3
879.3
880.0
883.3
883.4
883.6
885.4
886.8
888.2
888.7
891.4
892.0
893.6
894.2
895.5
895.6
896.7
897.8
899.2
901.5
903.3
903.9
906.0
906.3
906.8
907.0
908.6
909.4
909.5
910.3
912.4
914.1
914.2
914.6
914.7
916.6
917.0
917.5
918.7
919.2
920.1
921.7
924.8
924.9
925.2
926.8
927.2
927.9
928.5
932.1
932.7
934.1
934.4
934.5
934.6
934.7
935.0
935.2
935.6
937.4
937.4
937.7
938.2
938.3
939.4
940.3
940.9
941.7
944.4
948.5
949.1
949.9
952.9
953.6
953.7
954.1
954.6
955.0
956.4
958.1
958.5
960.8
961.3
961.4
963.3
965.1
965.8
968.3
969.6
970.0
970.7
972.8
972.9
973.1
973.2
973.4
974.6
974.8
975.0
980.6
982.0
982.0
982.0
983.8
983.9
985.1
986.9
989.3
989.9
990.1
990.5
991.5
991.6
993.0
993.9
994.0
995.1
995.5
995.6
996.3
997.1
997.7
998.4
998.6
999.3
1003.3
1004.6
1006.9
1008.8
1009.9
1010.1
1011.1
1012.2
1012.4
1012.6
1012.9
1013.5
1013.9
1016.6
1018.4
1019.6
1021.1
1021.6
1022.8
1023.5
1024.2
1025.8
1025.9
1026.7
1028.3
1028.8
1030.3
1030.5
1030.6
1033.0
1033.6
1034.2
1035.4
1040.3
1040.4
1042.0
1042.5
1043.4
1043.5
1047.1
1048.7
1049.8
1050.4
1052.9
1053.9
1055.9
1057.2
1058.5
1058.7
1060.7
1060.7
1061.7
1062.0
1063.6
1066.3
1067.6
1071.1
1073.2
1074.1
1074.5
1075.4
1076.1
1076.6
1076.9
1077.0
1080.3
1080.5
1080.7
1083.2
1086.5
1088.6
1088.9
1090.6
1091.6
1092.3
1094.4
1095.5
1095.6
1096.2
1099.7
1099.9
1100.5
1101.1
1101.5
1101.9
1103.3
1105.6
1107.4
1107.8
1108.3
1109.6
1113.9
1116.4
1120.6
1120.9
1121.9
1122.2
1124.1
1124.1
1124.6
1125.9
1126.2
1129.3
1131.6
1132.3
1132.3
1133.4
1133.4
1133.6
1139.0
1140.4
1142.3
1142.3
1142.5
1142.9
1142.9
1143.2
1143.4
1144.7
1144.8
1146.0
1149.5
1149.9
1150.1
1153.3
1153.3
1154.3
1154.8
1155.0
1155.4
1157.3
1157.9
1158.5
1158.8
1160.2
1160.5
1160.5
1160.8
1161.6
1163.1
1164.5
1166.1
1166.6
1167.7
1168.0
1168.1
1169.7
1170.9
1171.6
1176.1
1178.0
1178.2
1183.5
1186.1
1186.5
1187.1
1187.2
1187.4
1187.5
1188.8
1189.0
1191.9
1192.0
1192.0
1192.9
1192.9
1193.2
1193.6
1194.0
1195.4
1196.4
1198.1
1199.6
1202.1
1203.3
1203.7
1204.2
1206.2
1206.7
1207.2
1208.5
1208.9
1211.4
1213.7
1214.3
1215.4
1216.4
1217.1
1217.7
1218.2
1219.7
1220.1
1220.3
1220.3
1220.9
1222.4
1222.4
1222.5
1223.0
1223.8
1227.2
1229.1
1229.9
1232.4
1233.8
1233.9
1235.6
1235.7
1237.5
1239.2
1240.1
1240.3
1240.7
1242.4
1242.6
1242.6
1242.6
1244.2
1244.9
1245.6
1246.8
1249.6
1250.2
1252.2
1254.2
1255.7
1256.7
1257.9
1260.9
1262.1
1262.9
1263.7
1264.9
1265.2
1265.5
1266.6
1267.3
1267.8
1268.2
1268.5
1269.0
1269.5
1270.8
1271.1
1272.9
1273.5
1274.2
1275.7
1275.9
1276.2
1277.2
1277.2
1277.8
1278.0
1278.0
1278.5
1278.8
1279.8
1281.6
1283.7
1283.8
1285.1
1285.7
1286.4
1288.7
1288.8
1289.9
1290.2
1292.5
1292.7
1296.6
1298.8
1302.0
1302.8
1303.5
1303.9
1305.0
1306.7
1308.0
1310.7
1311.1
1312.2
1312.4
1313.7
1313.8
1314.8
1315.7
1316.2
1316.5
1316.8
1316.9
1317.3
1318.2
1323.3
1324.7
1326.1
1328.6
1331.2
1332.3
1334.6
1334.7
1336.4
1337.5
1337.7
1338.0
1338.0
1339.6
1340.4
1341.7
1342.9
1343.4
1344.2
1344.3
1344.9
1345.4
1346.9
1347.1
1347.6
1348.1
1348.6
1348.6
1350.7
1350.7
1351.6
1352.6
1352.7
1353.0
1353.9
1356.2
1357.1
1359.0
1360.4
1360.5
1362.9
1364.5
1364.7
1365.5
1365.6
1366.6
1370.0
1371.4
1373.9
1374.8
1378.3
1379.2
1385.5
1385.6
1385.7
1389.0
1391.6
1392.4
1393.2
1393.7
1393.8
1394.7
1395.4
1395.7
1398.9
1399.0
1399.2
1400.4
1401.7
1402.1
1402.9
1403.7
1403.9
1404.7
1405.8
1405.8
1407.8
1408.1
1408.8
1412.1
1412.3
1414.2
1418.6
1418.9
1419.4
1419.5
1420.1
1420.3
1421.6
1421.8
1425.1
1425.9
1426.2
1428.4
1430.0
1432.1
1433.1
1433.3
1433.5
1433.7
1434.5
1437.2
1443.2
1444.9
1445.1
1446.9
1447.4
1447.5
1448.6
1450.6
1450.9
1450.9
1451.3
1452.9
1453.1
1453.5
1454.5
1455.7
1456.0
1458.5
1458.5
1458.6
1459.2
1460.3
1461.8
1462.1
1462.4
1463.7
1463.8
1464.1
1464.5
1466.0
1466.4
1466.5
1467.1
1467.7
1467.7
1470.8
1471.7
1471.7
1472.9
1474.4
1474.6
1475.1
1475.3
1475.4
1475.8
1476.4
1477.5
1477.9
1478.5
1480.4
1481.6
1481.9
1483.7
1485.1
1485.9
1487.4
1488.1
1491.4
1492.1
1494.4
1494.6
1494.8
1497.8
1499.0
1499.1
1499.6
1500.2
1500.8
1501.1
1502.6
1503.1
1505.3
1505.5
1506.0
1506.3
1507.0
1507.3
1507.4
1507.6
1508.2
1509.0
1509.1
1510.8
1512.2
1512.8
1513.1
1513.3
1513.3
1513.9
1514.6
1515.7
1518.9
1521.1
1521.4
1522.1
1522.6
1523.1
1523.7
1525.7
1526.5
1526.8
1526.8
1527.6
1528.4
1529.3
1530.4
1530.6
1532.4
1534.5
1535.1
1536.0
1537.5
1537.8
1538.6
1539.6
1539.9
1540.3
1541.7
1542.0
1543.4
1543.6
1545.5
1545.8
1548.3
1550.6
1551.4
1554.3
1554.4
1554.5
1558.3
1558.5
1559.4
1560.5
1561.2
1563.4
1565.7
1566.7
1567.6
1567.8
1568.1
1570.2
1571.5
1571.7
1572.4
1572.5
1573.1
1573.5
1574.8
1577.6
1578.2
1578.3
1578.4
1578.5
1579.5
1579.7
1583.9
1586.4
1586.6
1587.9
1588.1
1590.8
1590.9
1591.4
1592.2
1593.7
1594.8
1595.6
1597.0
1597.4
1599.4
1600.9
1607.5
1608.2
1608.7
1609.2
1609.5
1610.0
1612.2
1612.4
1612.8
1613.7
1613.9
1614.4
1614.5
1614.7
1614.9
1615.0
1620.3
1621.4
1622.6
1623.0
1624.5
1624.6
1624.8
1626.3
1628.1
1628.4
1628.4
1629.8
1634.8
1635.2
1636.5
1636.8
1637.2
1637.3
1637.3
1639.5
1639.6
1639.8
1640.6
1641.4
1643.9
1644.8
1645.0
1645.1
1645.3
1646.1
1648.7
1651.1
1652.1
1652.4
1655.1
1655.5
1656.1
1656.8
1656.9
1657.6
1659.0
1659.3
1659.5
1659.7
1662.1
1663.2
1664.6
1665.2
1666.9
1667.2
1671.5
1672.3
1672.7
1673.6
1674.3
1674.6
1674.8
1676.3
1677.5
1678.9
1679.5
1679.6
1680.2
1682.0
1682.3
1683.4
1685.7
1686.6
1687.5
1688.1
1688.3
1689.7
1690.5
1691.2
1691.6
1692.5
1694.4
1696.0
1697.8
1698.3
1698.6
1700.4
1700.6
1701.0
1701.7
1704.3
1704.4
1704.5
1704.7
1704.9
1705.9
1705.9
1708.1
1708.8
1709.0
1709.1
1710.8
1712.4
1712.5
1714.0
1714.2
1714.3
1715.1
1715.3
1715.4
1716.4
1718.5
1718.6
1721.5
1721.5
1723.2
1726.6
1727.5
1727.8
1728.9
1728.9
1729.7
1729.8
1729.9
1730.6
1731.1
1732.2
1732.8
1733.2
1733.4
1733.8
1734.1
1734.7
1736.4
1740.4
1741.2
1741.4
1741.8
1743.5
1745.2
1745.4
1746.7
1748.6
1749.1
1751.1
1753.3
1753.7
1754.5
1755.1
1755.1
1756.9
1756.9
1757.4
1759.2
1759.4
1760.1
1760.1
1760.3
1761.7
1761.9
1765.3
1766.4
1767.5
1768.7
1772.1
1772.2
1773.7
1774.0
1774.8
1778.8
1779.3
1780.4
1781.0
1781.0
1782.3
1782.3
1783.4
1783.7
1784.0
1785.4
1785.9
1787.3
1792.4
1793.2
1793.4
1793.8
1793.9
1794.8
1795.5
1798.5
1798.8
1799.3
1802.1
1802.7
1803.8
1804.7
1805.5
1805.6
1806.3
1806.4
1807.7
1809.0
1811.8
1812.0
1813.4
1814.6
1815.0
1816.4
1816.5
1817.7
1817.8
1818.1
1818.2
1818.8
1819.3
1819.5
1819.7
1820.2
1820.7
1821.0
1822.7
1824.8
1826.6
1826.8
1826.9
1827.8
1828.0
1829.2
1831.5
1832.9
1834.0
1834.1
1835.3
1835.5
1835.5
1840.6
1841.3
1842.0
1843.2
1845.1
1846.3
1847.3
1847.6
1847.6
1850.6
1852.3
1852.8
1853.6
1854.6
1855.2
1855.9
1856.4
1856.7
1857.4
1859.3
1860.3
1860.4
1861.3
1863.8
1864.2
1865.5
1866.7
1869.7
1869.9
1870.4
1870.5
1871.2
1871.9
1872.0
1872.2
1873.1
1873.1
1876.6
1878.2
1878.3
1878.3
1878.9
1879.1
1880.2
1882.0
1882.0
1882.1
1885.2
1885.9
1887.6
1888.3
1890.0
1891.1
1891.1
1891.4
1892.4
1892.7
1893.3
1893.9
1895.3
1896.8
1897.1
1898.1
1899.0
1900.2
1905.1
1905.5
1907.9
1910.2
1910.4
1910.6
1910.8
1911.9
1912.1
1913.3
1915.5
1916.6
1916.8
1920.0
1920.8
1921.0
1921.1
1921.2
1922.3
1922.4
1922.6
1922.7
1923.7
1924.7
1925.0
1926.4
1927.3
1927.6
1927.8
1928.3
1930.7
1932.5
1932.6
1932.6
1932.8
1933.2
1933.6
1934.4
1937.1
1937.2
1938.5
1938.8
1941.3
1941.7
1942.6
1942.6
1943.3
1945.1
1945.6
1946.2
1948.1
1949.3
1949.6
1950.1
1950.5
1956.2
1956.9
1957.0
1957.2
1957.4
1960.3
1960.8
1961.0
1961.1
1962.8
1964.3
1964.8
1965.3
1965.4
1967.2
1967.4
1969.8
1971.2
1971.4
1971.8
1972.4
1972.7
1974.7
1975.3
1975.6
1976.0
1976.1
1976.5
1977.2
1981.9
1982.3
1982.5
1982.7
1983.3
1983.7
1984.7
1986.2
1987.6
1992.0
1992.0
1992.9
1993.2
1994.7
1996.1
1996.7
1997.3
1997.4
1998.7
1999.4
2002.0
2003.2
2003.8
2005.7
2006.0
2006.0
2008.3
2009.2
2009.3
2010.8
2010.9
2012.5
2012.9
2013.3
2013.6
2014.4
2016.3
2017.3
2017.7
2019.2
2019.9
2020.1
2021.7
2022.3
2022.7
2022.8
2024.2
2025.3
2026.0
2026.3
2027.5
2027.7
2029.3
2029.6
2029.7
2030.1
2030.9
2031.7
2035.5
2035.7
2036.0
2037.9
2039.4
2040.8
2041.8
2043.7
2044.9
2045.0
2045.9
2046.7
2047.9
2050.3
2050.5
2052.2
2052.9
2053.0
2053.1
2053.3
2054.4
2055.2
2056.3
2057.5
2057.7
2058.9
2059.0
2060.5
2061.9
2062.6
2063.4
2063.9
2065.7
2066.9
2067.2
2067.8
2068.5
2069.7
2069.9
2070.4
2071.7
2072.3
2072.4
2072.9
2075.6
2076.2
2077.3
2078.3
2080.8
2081.5
2082.8
2083.5
2083.6
2084.9
2087.7
2088.9
2089.9
2090.4
2092.7
2094.0
2096.8
2096.8
2099.0
2100.4
2100.6
2100.9
2104.1
2104.4
2104.9
2105.3
2107.0
2108.1
2110.3
2112.3
2112.6
2113.6
2114.6
2114.9
2116.6
2118.2
2120.1
2122.8
2123.5
2124.1
2125.2
2125.8
2128.4
2129.4
2129.5
2131.2
2135.1
2137.1
2138.0
2138.4
2139.3
2141.3
2144.1
2144.4
2145.3
2145.7
2146.4
2148.3
2148.7
2149.5
2150.2
2151.3
2152.4
2153.3
2154.4
2155.2
2155.6
2157.2
2158.3
2159.1
2160.9
2161.5
2161.9
2163.3
2163.6
2166.5
2167.0
2167.6
2168.1
2168.3
2168.6
2168.8
2169.2
2169.4
2170.6
2171.1
2173.3
2175.6
2175.6
2176.7
2177.2
2177.2
2177.7
2178.6
2178.8
2179.1
2179.6
2182.2
2185.4
2187.0
2187.8
2188.1
2188.3
2198.1
2198.3
2198.5
2201.1
2201.6
2202.4
2202.7
2203.4
2203.7
2204.2
2205.6
2206.1
2207.9
2209.9
2210.8
2212.4
2212.5
2212.7
2214.2
2215.1
2215.8
2216.0
2218.4
2218.8
2220.2
2220.7
2223.4
2224.1
2224.8
2225.6
2228.1
2228.4
2228.7
2231.1
2232.0
2232.7
2233.6
2233.9
2234.6
2237.6
2238.1
2238.9
2242.1
2242.2
2243.3
2244.0
2245.3
2245.6
2245.7
2248.2
2248.8
2251.4
2252.7
2252.8
2253.3
2254.3
2254.6
2255.5
2256.9
2257.1
2257.8
2257.9
2258.2
2258.5
2258.7
2258.9
2262.0
2262.1
2262.3
2267.7
2269.6
2270.3
2270.9
2273.5
2275.0
2275.5
2276.0
2276.2
2278.0
2278.2
2278.7
2279.9
2281.9
2282.1
2282.2
2284.8
2285.3
2285.3
2285.6
2285.8
2286.6
2287.0
2289.5
2290.5
2292.8
2293.8
2294.5
2295.4
2295.5
2296.6
2297.1
2297.3
2297.5
2299.3
2299.8
2301.0
2301.4
2303.3
2303.7
2303.7
2307.6
2308.8
2308.9
2309.4
2309.4
2311.9
2312.6
2312.7
2314.5
2315.2
2315.8
2316.9
2317.9
2318.3
2318.9
2319.3
2321.6
2321.9
2322.8
2322.8
2323.0
2324.8
2324.8
2325.8
2326.7
2327.5
2328.9
2329.4
2331.2
2332.9
2334.1
2334.9
2335.1
2336.6
2336.6
2337.5
2340.3
2340.5
2341.3
2345.0
2348.2
2348.3
2348.8
2349.3
2351.7
2351.9
2352.4
2353.1
2353.2
2353.5
2354.8
2354.9
2356.5
2356.9
2358.1
2359.4
2359.6
2360.1
2360.5
2361.3
2362.3
2362.3
2363.2
2363.4
2365.3
2365.5
2368.6
2370.2
2371.2
2371.3
2371.6
2372.0
2372.0
2372.3
2373.0
2374.1
2374.4
2376.3
2376.6
2377.6
2377.7
2378.2
2379.0
2379.9
2380.0
2382.6
2382.7
2386.2
2387.7
2388.6
2391.2
2392.6
2392.9
2393.6
2394.1
2396.0
2396.0
2396.6
2397.8
2398.6
2398.7
2398.7
2401.2
2402.6
2405.0
2405.0
2406.8
2407.1
2408.6
2408.6
2408.9
2409.2
2410.2
2410.7
2411.4
2412.0
2414.1
2414.2
2414.3
2414.4
2415.9
2416.0
2416.5
2416.6
2420.7
2421.6
2421.7
2422.9
2423.3
2423.4
2424.3
2424.3
2424.7
2425.8
2426.6
2426.8
2427.5
2427.6
2427.8
2428.2
2428.3
2430.8
2431.1
2432.2
2434.2
2434.6
2436.1
2436.2
2436.5
2436.7
2436.8
2437.6
2439.7
2439.9
2440.5
2440.8
2441.4
2441.5
2441.7
2443.4
2446.0
2447.1
2447.6
2447.8
2448.6
2449.2
2449.4
2450.4
2451.3
2452.2
2452.5
2453.2
2453.3
2453.3
2454.0
2455.3
2455.3
2455.5
2455.6
2456.1
2456.5
2456.6
2458.4
2459.1
2460.4
2461.2
2461.7
2463.2
2464.6
2464.7
2465.2
2466.0
2466.8
2468.4
2468.5
2469.1
2470.1
2470.8
2471.0
2471.6
2472.9
2473.2
2473.3
2473.4
2474.7
2474.8
2475.3
2475.4
2476.3
2477.2
2479.3
2480.6
2480.7
2482.0
2482.4
2483.8
2484.1
2484.5
2485.5
2486.8
2488.1
2488.8
2489.4
2490.3
2491.3
2491.7
2494.0
2494.2
2495.3
2500.7
2501.0
2501.1
2501.5
2502.4
2505.0
2505.9
2506.3
2507.5
2507.9
2507.9
2509.4
2509.8
2509.9
2514.1
2514.8
2515.4
2515.6
2516.7
2516.7
2518.6
2518.7
2519.1
2519.5
2519.7
2520.1
2520.5
2520.6
2521.8
2522.1
2522.8
2523.7
2524.9
2525.2
2526.4
2527.6
2527.6
2529.1
2530.2
2531.5
2532.1
2533.0
2533.3
2535.7
2536.1
2539.3
2540.4
2541.7
2542.7
2543.8
2545.0
2545.0
2545.0
2548.0
2549.7
2549.9
2551.7
2555.7
2556.1
2557.5
2559.5
2560.0
2560.8
2562.7
2564.9
2565.4
2566.2
2567.0
2571.3
2571.7
2572.6
2573.5
2573.8
2574.3
2577.6
2578.1
2578.8
2579.8
2580.1
2581.1
2581.3
2581.9
2584.8
2587.0
2587.4
2588.2
2588.4
2590.8
2591.2
2591.5
2592.1
2592.2
2593.0
2594.8
2594.9
2596.5
2596.9
2598.1
2598.5
2598.9
2599.9
2600.8
2601.2
2601.9
2602.0
2603.5
2603.7
2604.0
2604.2
2605.2
2605.3
2605.3
2605.3
2606.1
2608.0
2612.3
2613.4
2613.8
2614.0
2614.4
2616.2
2616.7
2616.8
2617.3
2618.5
2619.1
2619.9
2620.6
2621.3
2622.0
2623.2
2623.5
2625.0
2625.8
2626.2
2626.4
2628.8
2629.0
2630.8
2631.5
2635.0
2635.2
2635.2
2638.5
2638.6
2638.8
2639.7
2641.1
2641.3
2641.7
2645.0
2645.5
2645.7
2648.7
2649.4
2649.8
2650.3
2650.4
2650.9
2650.9
2650.9
2652.3
2652.4
2654.0
2654.6
2656.6
2657.3
2657.6
2660.3
2661.3
2661.9
2662.0
2662.5
2662.5
2663.2
2663.2
2663.3
2665.1
2665.5
2665.7
2666.9
2667.2
2667.4
2668.4
2668.6
2669.0
2669.5
2669.9
2670.0
2670.4
2671.1
2671.2
2671.4
2671.9
2672.4
2672.6
2672.7
2675.9
2675.9
2677.5
2677.8
2678.5
2679.9
2682.0
2683.0
2685.6
2688.9
2689.0
2689.2
2689.4
2689.5
2690.0
2691.3
2692.9
2694.9
2695.4
2695.9
2697.8
2698.0
2698.1
2702.2
2703.7
2703.7
2704.3
2704.8
2705.0
2705.6
2705.6
2707.8
2708.7
2708.9
2709.2
2711.2
2713.0
2713.7
2714.3
2714.8
2715.0
2715.3
2718.1
2719.0
2720.1
2722.8
2723.9
2725.2
2726.8
2727.1
2728.1
2728.5
2728.7
2729.6
2730.2
2730.5
2731.1
2732.0
2734.2
2734.3
2734.6
2735.4
2735.9
2737.5
2738.2
2739.2
2740.6
2741.2
2741.3
2741.6
2741.6
2745.8
2746.0
2746.9
2749.2
2750.2
2750.3
2750.5
2750.5
2750.7
2751.1
2754.8
2757.7
2757.9
2758.5
2759.5
2759.5
2762.0
2762.3
2762.7
2765.2
2766.1
2766.5
2767.1
2767.2
2769.1
2770.3
2770.3
2771.2
2771.2
2771.8
2774.8
2775.1
2775.2
2775.8
2777.8
2779.4
2779.7
2781.2
2781.9
2782.8
2783.0
2783.1
2783.4
2783.6
2784.1
2785.3
2785.7
2786.5
2789.6
2790.4
2792.6
2792.8
2792.9
2793.0
2794.5
2794.7
2795.7
2797.8
2798.5
2799.0
2800.5
2804.9
2807.2
2810.8
2811.0
2811.2
2813.1
2813.8
2814.9
2815.7
2819.6
2820.6
2820.9
2821.4
2821.5
2822.1
2822.4
2822.5
2823.0
2823.9
2824.0
2824.8
2827.5
2828.9
2829.1
2831.0
2833.5
2834.1
2835.2
2835.8
2836.3
2836.9
2837.3
2838.7
2839.8
2841.1
2841.2
2841.9
2844.1
2844.5
2845.5
2845.8
2846.3
2848.1
2848.9
2849.4
2852.1
2852.3
2853.2
2853.4
2855.0
2858.6
2859.5
2859.6
2859.9
2860.1
2860.9
2862.2
2863.2
2865.0
2865.5
2865.7
2866.0
2867.6
2868.6
2868.9
2871.2
2871.6
2872.2
2872.8
2873.0
2875.7
2876.3
2881.2
2882.3
2883.0
2883.8
2884.2
2884.6
2886.5
2887.3
2887.8
2887.9
2888.2
2888.4
2888.7
2890.3
2891.0
2892.9
2893.3
2893.8
2894.7
2895.8
2896.1
2897.2
2897.8
2898.4
2899.4
2899.6
2901.1
2901.2
2901.7
2903.0
2903.2
2906.4
2908.6
2908.9
2910.7
2911.1
2911.4
2911.5
2912.2
2913.2
2913.5
2914.6
2914.7
2916.1
2916.9
2917.8
2919.8
2920.0
2920.2
2920.8
2921.5
2921.5
2921.6
2921.6
2924.9
2925.0
2925.1
2926.1
2927.0
2927.8
2927.8
2930.5
2930.6
2930.6
2930.9
2932.7
2935.1
2935.5
2935.7
2936.0
2939.0
2939.0
2939.9
2941.1
2942.4
2942.5
2943.0
2946.5
2946.6
2946.6
2947.8
2947.8
2947.9
2947.9
2948.7
2949.2
2949.5
2949.6
2951.5
2951.6
2952.8
2953.8
2954.4
2954.8
2954.9
2955.2
2955.9
2956.2
2957.2
2958.1
2959.6
2959.8
2959.8
2960.0
2961.1
2961.2
2962.9
2964.1
2964.1
2964.9
2965.6
2966.0
2966.0
2967.4
2968.0
2968.8
2969.6
2970.1
2970.5
2972.5
2973.3
2974.5
2976.5
2977.1
2978.9
2980.1
2983.5
2984.3
2985.4
2985.9
2986.0
2986.4
2988.1
2988.2
2988.4
2989.3
2990.5
2992.4
2993.4
2993.8
2995.5
2997.1
2997.1
2997.5
2998.6
2999.3
2999.9
3000.8
3002.1
3004.7
3008.2
3013.1
3013.1
3014.0
3014.3
3014.9
3016.3
3016.3
3016.9
3017.1
3017.1
3017.4
3017.9
3018.1
3019.2
3020.2
3020.7
3021.6
3022.1
3023.3
3023.6
3025.3
3025.9
3027.9
3030.2
3031.0
3031.1
3031.4
3031.8
3031.9
3035.0
3035.6
3035.6
3036.5
3037.0
3037.1
3039.7
3040.4
3041.2
3042.0
3042.2
3042.9
3044.9
3045.3
3046.7
3048.4
3048.4
3049.6
3052.4
3053.7
3056.6
3057.0
3057.4
3062.0
3062.6
3063.0
3063.7
3063.8
3064.4
3064.8
3065.4
3065.4
3066.5
3068.8
3068.9
3071.0
3072.4
3073.6
3075.2
3076.9
3078.4
3078.7
3079.5
3082.5
3084.4
3085.3
3086.2
3086.6
3089.5
3091.5
3091.7
3094.8
3094.9
3095.0
3095.0
3095.2
3095.6
3095.9
3096.0
3097.1
3098.5
3102.4
3103.8
3104.1
3104.1
3104.6
3106.5
3107.6
3107.7
3110.0
3111.1
3111.7
3112.3
3112.7
3114.4
3114.6
3114.7
3114.8
3115.2
3115.6
3117.1
3117.8
3118.1
3119.9
3121.4
3126.6
3126.7
3128.6
3130.1
3130.5
3131.3
3131.6
3132.3
3134.4
3135.4
3135.5
3135.7
3136.3
3136.6
3136.9
3138.0
3138.9
3139.4
3140.5
3141.4
3141.9
3142.2
3143.4
3144.9
3145.7
3147.1
3149.3
3149.5
3151.3
3151.5
3152.7
3153.4
3154.0
3156.5
3157.4
3158.8
3160.1
3160.8
3160.9
3162.1
3162.8
3165.8
3166.1
3167.4
3170.4
3171.1
3171.7
3172.2
3172.2
3173.5
3173.6
3174.5
3175.0
3177.6
3179.4
3180.1
3181.7
3183.5
3185.0
3185.3
3186.3
3186.9
3187.0
3188.1
3188.2
3191.6
3193.4
3193.5
3194.6
3195.5
3195.7
3197.5
3201.8
3201.9
3202.3
3202.9
3203.8
3204.3
3205.3
3205.6
3206.5
3206.8
3207.1
3208.7
3208.9
3209.8
3210.9
3211.6
3212.2
3212.7
3216.0
3216.6
3216.8
3217.7
3219.1
3219.1
3219.2
3224.6
3225.2
3227.1
3229.7
3229.8
3231.6
3231.8
3232.2
3232.7
3234.0
3234.6
3235.1
3235.4
3235.9
3236.0
3236.9
3237.1
3238.8
3240.5
3240.5
3244.8
3245.3
3246.9
3247.8
3248.0
3249.6
3250.9
3251.8
3252.4
3252.7
3253.1
3253.2
3254.6
3255.6
3256.9
3259.5
3261.1
3261.8
3264.5
3266.0
3266.3
3267.0
3267.6
3268.4
3268.6
3270.0
3271.2
3272.2
3273.7
3274.6
3276.0
3280.7
3283.0
3283.8
3286.1
3286.9
3287.7
3287.9
3288.4
3289.7
3290.2
3290.8
3291.3
3292.5
3293.2
3294.3
3294.6
3294.7
3296.0
3297.6
3300.8
3300.9
3302.9
3305.5
3307.9
3308.0
3308.4
3309.2
3310.1
3310.1
3310.3
3310.8
3311.1
3312.1
3312.3
3314.1
3315.1
3315.3
3315.4
3316.3
3316.8
3317.1
3318.3
3318.4
3319.5
3319.8
3320.9
3321.5
3322.8
3323.7
3323.8
3324.2
3325.0
3326.2
3326.2
3327.6
3328.6
3331.5
3331.5
3331.8
3331.9
3332.2
3333.1
3335.0
3337.8
3338.9
3339.7
3340.0
3340.9
3341.3
3342.3
3343.0
3343.1
3343.5
3343.6
3343.7
3345.3
3345.9
3346.0
3347.0
3347.1
3347.2
3347.4
3350.8
3353.4
3353.7
3355.0
3356.5
3358.2
3358.5
3359.9
3361.8
3362.3
3362.8
3363.0
3363.1
3365.6
3367.6
3368.6
3368.8
3369.2
3370.5
3371.4
3372.0
3376.1
3376.3
3377.1
3377.9
3379.6
3380.1
3380.3
3381.8
3382.1
3383.3
3383.4
3385.6
3386.0
3386.4
3388.0
3388.2
3388.8
3389.1
3389.5
3389.8
3392.9
3395.6
3396.9
3398.5
3398.5
3400.4
3400.5
3401.4
3404.1
3404.9
3407.1
3407.6
3408.4
3408.8
3409.3
3409.6
3410.1
3411.1
3411.2
3413.1
3414.7
3414.9
3415.7
3415.9
3419.8
3423.2
3423.6
3424.1
3424.2
3424.7
3425.7
3426.2
3428.3
3428.6
3430.1
3434.3
3434.7
3434.8
3434.8
3435.0
3435.9
3437.6
3440.8
3440.9
3441.1
3441.1
3441.3
3441.4
3442.0
3442.3
3443.6
3444.2
3444.7
3445.5
3446.3
3446.7
3446.7
3449.6
3450.2
3450.3
3450.4
3450.9
3451.1
3453.1
3456.4
3456.7
3457.9
3458.2
3461.4
3462.8
3464.4
3464.7
3465.3
3467.1
3467.4
3467.9
3468.4
3470.3
3470.4
3471.6
3473.1
3473.1
3473.6
3473.9
3476.0
3476.1
3477.7
3479.4
3479.6
3480.6
3480.7
3481.1
3481.8
3485.8
3487.3
3488.6
3488.9
3489.0
3489.2
3490.5
3492.1
3493.2
3493.4
3493.8
3494.6
3494.7
3495.3
3497.8
3498.2
3498.3
3499.4
3499.6
3500.1
3500.1
3501.5
3504.7
3505.3
3505.8
3512.2
3512.2
3515.3
3515.7
3517.3
3517.5
3517.7
3517.8
3518.2
3518.9
3519.5
3519.6
3520.7
3521.1
3521.4
3521.6
3523.5
3523.5
3524.3
3526.4
3526.9
3527.4
3528.3
3530.4
3532.4
3532.5
3533.9
3533.9
3535.6
3536.0
3536.0
3537.2
3537.7
3537.9
3540.2
3542.8
3543.4
3544.7
3545.2
3547.2
3547.6
3547.6
3547.8
3550.5
3552.1
3552.8
3553.9
3554.1
3554.7
3554.9
3556.0
3556.2
3557.0
3561.6
3561.9
3563.8
3564.4
3564.9
3565.7
3566.7
3566.8
3567.0
3567.9
3569.2
3569.7
3570.1
3570.6
3570.7
3574.0
3575.2
3576.8
3580.3
3580.7
3580.8
3581.2
3582.1
3582.6
3584.9
3587.1
3589.0
3589.2
3591.0
3591.4
3592.0
3592.1
3592.4
3592.6
3593.9
3594.3
3594.7
3596.6
3596.8
3597.1
3599.9
3601.2
3602.0
3602.4
3606.7
3606.8
3607.7
3608.0
3608.1
3611.0
3612.3
3612.8
3613.2
3614.4
3614.5
3615.1
3616.5
3616.6
3616.6
3617.0
3618.2
3619.7
3621.0
3621.8
3624.7
3625.3
3626.2
3627.0
3627.8
3629.1
3629.3
3629.6
3630.6
3632.7
3633.2
3636.2
3636.9
3637.1
3637.4
3640.9
3641.1
3642.8
3643.7
3644.5
3646.9
3647.5
3648.4
3650.7
3650.7
3651.5
3652.8
3654.9
3655.9
3656.6
3657.1
3657.3
3657.4
3657.5
3658.0
3659.3
3659.7
3659.8
3660.8
3661.3
3662.0
3663.3
3663.4
3666.8
3667.4
3672.1
3672.8
3673.7
3674.8
3675.3
3675.9
3676.5
3678.6
3679.3
3681.0
3681.3
3682.0
3683.4
3685.0
3685.4
3685.6
3689.4
3690.7
3690.9
3693.5
3693.8
3695.6
3695.9
3696.0
3696.4
3701.0
3701.2
3701.3
3701.8
3702.0
3702.0
3702.8
3703.1
3703.2
3704.8
3708.5
3708.7
3708.9
3710.0
3710.9
3712.6
3714.4
3715.7
3718.1
3719.3
3719.8
3720.1
3725.3
3725.8
3727.1
3727.1
3729.0
3729.3
3729.3
3731.6
3732.1
3734.5
3734.8
3736.5
3737.9
3738.5
3740.3
3740.5
3740.8
3741.8
3741.8
3742.3
3742.5
3742.8
3743.9
3746.2
3748.2
3748.8
3749.3
3750.9
3751.8
3752.4
3754.5
3756.5
3757.0
3757.5
3757.7
3758.7
3759.8
3759.9
3760.1
3760.6
3762.4
3763.6
3764.1
3765.0
3765.2
3766.4
3766.9
3767.2
3768.1
3768.2
3769.2
3769.6
3771.9
3772.6
3774.7
3778.3
3779.2
3781.3
3784.5
3785.3
3785.4
3786.1
3790.4
3793.6
3793.7
3794.0
3794.5
3797.2
3799.3
3800.3
3801.2
3802.1
3802.9
3803.8
3806.3
3808.0
3810.1
3810.6
3812.3
3814.7
3816.4
3817.7
3819.2
3822.8
3824.7
3825.4
3826.2
3826.2
3830.2
3830.9
3833.4
3834.7
3835.1
3835.4
3836.2
3837.0
3837.2
3838.0
3838.7
3839.0
3839.2
3839.8
3840.3
3840.7
3843.2
3843.6
3844.3
3844.6
3845.2
3846.3
3847.2
3847.7
3848.0
3849.0
3850.1
3851.5
3852.8
3853.2
3853.5
3854.3
3854.4
3855.1
3861.4
3861.5
3862.5
3864.2
3867.9
3869.4
3869.5
3871.1
3872.0
3874.1
3876.9
3877.4
3877.6
3877.7
3877.9
3878.0
3882.6
3884.3
3886.5
3886.5
3887.0
3888.7
3892.3
3892.3
3892.7
3893.2
3893.3
3894.1
3894.3
3894.7
3895.1
3895.7
3896.4
3897.8
3899.9
3902.2
3902.2
3902.3
3904.4
3905.2
3906.2
3907.0
3907.7
3909.1
3909.1
3909.7
3910.1
3910.1
3910.3
3912.8
3913.6
3913.6
3914.7
3917.9
3918.7
3920.7
3921.9
3922.0
3922.2
3922.6
3925.2
3925.7
3931.3
3931.5
3932.0
3933.2
3933.5
3933.6
3935.2
3935.4
3936.5
3937.8
3937.9
3938.0
3939.5
3939.9
3942.5
3943.1
3943.1
3943.7
3943.7
3946.8
3947.2
3947.7
3947.9
3949.7
3953.1
3954.4
3957.5
3958.4
3959.1
3959.3
3959.8
3960.7
3961.9
3963.2
3963.9
3964.6
3964.8
3964.8
3966.2
3967.7
3968.8
3970.4
3972.1
3972.3
3973.5
3974.5
3975.7
3976.7
3980.4
3981.0
3981.3
3982.1
3982.8
3984.3
3985.7
3987.4
3988.7
3989.1
3989.4
3990.6
3990.7
3992.9
3995.1
3995.9
3997.3
3997.6
3999.8
4000.8
4002.1
4004.4
4004.7
4005.5
4006.2
4007.0
4007.5
4010.5
4012.5
4012.5
4012.8
4013.1
4013.2
4015.8
4016.9
4017.0
4017.2
4017.8
4019.1
4019.3
4019.8
4019.9
4021.7
4022.2
4026.3
4026.4
4026.7
4027.9
4028.4
4028.5
4029.0
4029.6
4031.0
4033.7
4033.9
4036.0
4038.0
4039.3
4041.2
4043.5
4043.8
4044.4
4044.4
4045.9
4047.4
4047.7
4048.3
4049.7
4050.1
4051.3
4051.6
4054.9
4055.8
4055.9
4056.3
4058.1
4058.7
4061.8
4062.1
4063.1
4065.5
4065.9
4067.1
4067.6
4069.6
4070.3
4070.8
4071.7
4073.1
4073.3
4073.3
4077.9
4078.1
4079.1
4079.2
4079.2
4080.4
4080.6
4084.9
4085.2
4087.9
4089.5
4090.1
4090.1
4090.5
4091.0
4092.5
4093.9
4096.2
4097.4
4097.7
4098.0
4098.9
4099.0
4099.3
4099.4
4099.8
4100.2
4100.4
4100.8
4101.3
4102.1
4102.4
4104.6
4104.9
4105.2
4108.1
4109.2
4109.4
4109.9
4110.6
4111.1
4111.6
4111.7
4113.6
4113.7
4114.5
4115.0
4115.6
4116.2
4116.9
4120.5
4121.4
4123.3
4126.4
4126.7
4128.7
4129.4
4130.6
4132.8
4133.1
4133.4
4133.6
4134.8
4136.9
4137.0
4138.8
4140.7
4144.2
4146.4
4146.9
4147.4
4147.6
4149.3
4149.8
4151.0
4151.9
4153.9
4155.5
4156.4
4157.4
4157.8
4157.8
4158.3
4159.3
4159.3
4159.5
4161.7
4162.4
4162.9
4164.0
4167.4
4167.4
4167.4
4172.9
4174.1
4175.2
4175.4
4176.0
4176.6
4177.8
4178.1
4178.6
4179.8
4181.4
4182.9
4183.5
4189.2
4189.5
4190.1
4190.4
4192.2
4193.0
4197.7
4197.9
4199.7
4200.4
4201.7
4202.5
4202.5
4203.1
4203.4
4204.0
4205.3
4206.4
4206.8
4209.2
4210.4
4210.9
4213.1
4215.1
4216.8
4216.9
4217.0
4217.1
4218.1
4219.1
4222.2
4222.9
4227.1
4227.3
4227.8
4227.8
4228.9
4229.3
4230.8
4231.4
4234.0
4236.1
4237.2
4237.5
4238.0
4239.8
4240.0
4241.0
4242.3
4242.6
4243.1
4245.4
4245.6
4245.9
4247.9
4247.9
4249.0
4249.5
4249.6
4250.3
4250.3
4251.1
4254.3
4254.4
4257.3
4259.2
4260.0
4260.2
4261.0
4262.1
4263.0
4263.1
4263.7
4263.9
4265.3
4267.4
4268.9
4270.8
4271.2
4275.5
4279.8
4282.8
4284.1
4284.5
4291.2
4291.5
4291.8
4292.4
4293.4
4294.4
4294.5
4295.2
4295.6
4297.3
4297.7
4297.9
4299.7
4301.4
4301.5
4303.8
4305.8
4306.4
4312.7
4313.3
4313.5
4313.7
4313.9
4314.8
4315.5
4315.7
4315.8
4317.0
4319.4
4320.2
4321.1
4321.2
4321.4
4323.4
4325.1
4325.8
4326.0
4326.1
4327.1
4328.6
4329.1
4329.6
4332.4
4332.6
4333.1
4333.4
4333.9
4335.0
4336.7
4337.7
4338.1
4338.6
4340.4
4342.5
4343.6
4343.8
4344.5
4345.4
4345.4
4346.2
4346.5
4346.7
4346.9
4347.1
4349.2
4349.4
4350.1
4350.3
4351.5
4352.5
4352.8
4353.9
4354.6
4354.8
4355.1
4356.6
4357.4
4358.7
4359.2
4360.3
4361.1
4362.1
4362.7
4363.6
4364.2
4365.5
4368.6
4368.6
4369.6
4369.9
4370.2
4370.6
4372.5
4372.9
4376.8
4377.2
4377.9
4380.3
4382.8
4384.0
4384.4
4385.3
4386.0
4386.7
4388.1
4388.1
4388.3
4388.3
4388.7
4389.4
4390.0
4390.4
4390.5
4391.0
4391.4
4392.4
4392.8
4393.3
4394.9
4395.0
4396.8
4399.0
4399.3
4399.8
4400.1
4400.1
4401.3
4402.6
4402.7
4405.6
4407.1
4407.4
4407.6
4408.7
4409.2
4413.1
4414.6
4415.1
4417.0
4418.1
4419.7
4419.9
4421.3
4421.8
4422.1
4422.8
4424.0
4424.1
4425.1
4425.4
4427.3
4428.3
4429.3
4429.6
4430.4
4430.6
4430.8
4431.8
4435.3
4435.5
4436.5
4436.6
4437.0
4437.6
4439.0
4439.3
4440.0
4442.0
4443.2
4444.2
4445.4
4445.8
4447.8
4448.9
4451.1
4453.4
4456.3
4457.1
4457.4
4458.1
4459.2
4459.3
4461.2
4461.3
4462.5
4464.8
4465.3
4465.5
4466.5
4466.8
4467.1
4467.2
4468.2
4468.7
4469.4
4470.4
4472.9
4474.5
4475.4
4475.8
4478.2
4478.2
4478.6
4479.2
4480.0
4482.8
4483.7
4484.5
4487.8
4489.3
4489.5
4489.5
4491.2
4492.9
4493.6
4493.8
4495.4
4495.5
4496.4
4496.5
4496.5
4496.6
4497.1
4498.7
4499.7
4501.4
4503.3
4506.1
4506.1
4506.2
4506.6
4506.8
4508.3
4508.5
4509.4
4509.8
4510.2
4511.3
4511.6
4511.9
4512.1
4514.9
4516.5
4517.1
4517.2
4517.9
4518.0
4519.6
4521.0
4521.6
4521.7
4522.0
4523.1
4528.7
4529.2
4529.9
4529.9
4530.8
4530.8
4532.2
4532.3
4532.4
4537.4
4537.8
4538.0
4538.4
4540.2
4540.4
4540.8
4542.4
4545.1
4545.5
4547.5
4548.5
4549.4
4549.6
4550.3
4551.1
4552.1
4552.5
4555.8
4556.3
4557.6
4558.4
4558.6
4558.7
4562.2
4563.4
4563.8
4564.2
4564.9
4565.1
4565.5
4565.9
4566.3
4566.7
4567.0
4568.5
4568.8
4569.5
4569.8
4572.0
4572.6
4573.7
4575.7
4577.9
4577.9
4581.3
4581.6
4582.8
4582.8
4583.7
4583.7
4584.3
4585.6
4587.4
4588.5
4588.6
4589.9
4590.4
4590.8
4591.8
4592.1
4592.4
4592.4
4595.9
4596.4
4597.0
4597.2
4598.6
4599.9
4600.4
4600.6
4601.4
4602.6
4606.0
4606.6
4606.7
4607.3
4607.9
4608.5
4608.9
4609.1
4611.4
4612.4
4612.8
4613.3
4613.4
4614.4
4615.2
4617.1
4617.2
4618.5
4618.9
4619.2
4620.9
4621.0
4621.6
4622.5
4623.5
4624.6
4625.5
4625.7
4625.7
4627.6
4629.1
4631.3
4632.5
4632.5
4633.2
4634.4
4635.8
4636.8
4637.5
4637.7
4638.1
4638.2
4638.8
4639.0
4639.3
4640.6
4641.0
4641.8
4642.5
4643.3
4644.7
4645.0
4645.7
4645.9
4646.9
4648.1
4648.3
4649.1
4649.2
4649.9
4650.1
4650.4
4654.7
4655.2
4655.3
4655.5
4656.7
4657.1
4659.0
4660.8
4660.9
4661.2
4661.4
4662.2
4663.1
4663.4
4664.0
4664.4
4665.7
4665.7
4666.4
4667.0
4667.8
4668.2
4668.8
4668.9
4669.3
4674.0
4674.8
4675.2
4675.5
4677.0
4678.3
4679.2
4679.8
4679.9
4680.7
4681.6
4684.9
4685.6
4685.7
4686.3
4687.3
4688.4
4688.8
4689.0
4689.9
4690.5
4692.3
4692.5
4694.0
4694.7
4696.7
4697.5
4699.1
4701.6
4702.4
4703.4
4704.4
4704.5
4705.6
4705.7
4710.8
4711.6
4711.6
4712.4
4714.3
4716.5
4717.7
4718.2
4719.5
4719.8
4720.6
4721.1
4724.0
4725.1
4727.2
4727.6
4728.3
4728.8
4730.1
4731.8
4732.9
4734.5
4734.5
4736.3
4736.9
4737.2
4738.1
4738.1
4738.5
4739.0
4739.6
4740.8
4742.1
4743.0
4743.0
4743.5
4744.3
4745.2
4748.5
4748.6
4750.3
4752.1
4752.6
4753.2
4753.3
4755.6
4755.6
4756.6
4759.9
4761.9
4764.3
4766.0
4767.8
4768.4
4768.8
4769.2
4770.4
4771.8
4771.9
4773.1
4773.3
4774.3
4775.5
4776.4
4776.4
4776.8
4777.4
4777.6
4779.9
4780.4
4781.3
4784.1
4785.8
4785.9
4786.7
4786.8
4787.3
4788.3
4789.3
4789.9
4790.7
4791.3
4792.0
4792.3
4792.5
4793.9
4794.0
4797.8
4798.5
4798.8
4800.6
4801.6
4801.9
4802.3
4802.9
4803.9
4804.9
4806.5
4808.7
4809.8
4809.8
4815.2
4815.8
4817.0
4820.4
4820.9
4822.5
4823.8
4824.6
4824.7
4825.0
4828.0
4831.6
4831.7
4834.1
4834.2
4835.9
4837.0
4838.6
4841.1
4841.3
4841.3
4841.3
4841.4
4842.0
4845.2
4845.3
4845.3
4846.3
4847.5
4847.5
4848.9
4854.8
4855.2
4856.1
4856.2
4856.9
4857.0
4858.8
4859.0
4859.8
4863.3
4863.5
4865.7
4866.1
4866.2
4867.0
4868.4
4870.8
4871.6
4872.0
4874.4
4874.4
4876.0
4877.2
4877.6
4878.8
4881.0
4881.1
4882.9
4883.6
4883.7
4885.7
4886.5
4888.9
4889.6
4889.9
4892.2
4892.7
4893.0
4894.7
4896.5
4896.9
4900.4
4900.7
4901.0
4901.3
4902.5
4902.5
4903.2
4905.4
4906.5
4906.8
4907.3
4907.8
4907.9
4908.1
4908.2
4909.9
4910.4
4911.6
4914.0
4914.0
4915.5
4915.5
4915.6
4917.3
4919.8
4920.0
4920.3
4921.2
4921.3
4922.2
4922.4
4922.5
4922.7
4922.7
4922.9
4923.1
4924.4
4924.9
4925.7
4926.4
4929.5
4930.8
4930.9
4931.1
4932.0
4932.1
4934.0
4935.2
4935.4
4936.0
4937.6
4939.3
4939.9
4941.2
4943.3
4944.0
4946.7
4946.8
4947.5
4947.7
4951.6
4952.3
4953.6
4956.6
4957.5
4959.2
4959.3
4960.4
4960.4
4961.6
4962.0
4964.5
4965.7
4966.4
4966.9
4966.9
4967.5
4969.6
4970.0
4972.7
4972.9
4974.2
4974.5
4976.2
4981.7
4982.2
4984.0
4984.6
4984.7
4985.2
4985.3
4986.2
4986.2
4986.3
4988.7
4988.8
4990.6
4991.8
4992.7
4993.5
4994.2
4997.4
4997.6
4998.1
5000.3
5001.6
5002.0
5002.3
5002.4
5003.4
5005.6
5005.8
5006.4
5006.9
5007.1
5008.8
5013.8
5014.6
5017.9
5019.1
5019.1
5019.2
5021.5
5021.6
5026.5
5027.3
5030.2
5030.6
5030.9
5034.9
5036.0
5038.2
5038.9
5039.2
5039.7
5040.9
5041.9
5042.9
5042.9
5043.7
5044.2
5047.6
5047.8
5047.8
5048.1
5049.1
5049.3
5051.1
5051.9
5055.0
5055.1
5056.4
5056.9
5057.6
5058.4
5058.5
5059.0
5059.5
5060.7
5060.9
5061.5
5061.9
5062.3
5063.0
5063.5
5067.2
5067.6
5070.0
5070.6
5070.9
5071.6
5072.2
5072.2
5072.5
5072.6
5072.6
5074.1
5074.3
5074.3
5075.6
5077.1
5078.7
5080.1
5080.3
5084.7
5085.4
5085.5
5086.5
5086.6
5088.0
5092.0
5094.9
5095.1
5095.5
5095.5
5096.5
5096.6
5097.6
5097.7
5097.9
5097.9
5098.9
5100.7
5102.2
5103.6
5107.0
5107.2
5107.3
5108.4
5110.6
5112.0
5112.3
5112.3
5112.6
5112.6
5114.9
5117.7
5118.2
5118.6
5119.1
5120.7
5120.9
5121.9
5122.6
5122.9
5123.5
5124.0
5124.3
5128.5
5130.9
5131.3
5131.9
5132.4
5133.6
5136.2
5136.4
5136.4
5137.3
5137.5
5138.1
5138.4
5139.1
5139.3
5139.7
5140.0
5143.8
5143.9
5149.6
5151.2
5151.3
5151.4
5152.0
5155.1
5155.3
5155.6
5156.4
5157.3
5159.6
5159.7
5159.8
5161.1
5161.4
5162.0
5164.9
5165.5
5166.1
5169.6
5172.4
5172.6
5173.5
5173.5
5174.7
5174.9
5176.2
5177.3
5178.3
5179.5
5181.0
5181.7
5182.1
5183.7
5184.1
5184.4
5187.8
5189.1
5190.3
5191.0
5191.0
5191.9
5193.2
5193.4
5194.4
5196.1
5197.8
5197.8
5198.3
5201.3
5201.7
5202.4
5204.6
5206.2
5206.9
5207.3
5210.0
5210.3
5210.5
5211.4
5211.4
5213.2
5213.4
5214.4
5215.8
5217.8
5218.8
5219.5
5220.4
5220.5
5221.4
5222.0
5224.3
5224.5
5225.3
5226.0
5227.4
5227.8
5227.9
5229.7
5230.2
5230.8
5231.7
5232.1
5232.2
5233.7
5233.9
5234.6
5235.8
5236.1
5236.2
5237.4
5237.9
5238.7
5239.3
5242.9
5244.6
5244.9
5246.9
5247.8
5248.5
5249.7
5249.8
5250.0
5251.1
5251.4
5252.8
5254.4
5255.0
5255.8
5256.5
5257.4
5258.3
5258.6
5258.7
5261.6
5262.4
5263.9
5264.2
5264.3
5264.4
5265.9
5267.5
5270.1
5270.3
5270.7
5270.8
5271.5
5271.7
5272.9
5274.9
5276.1
5278.7
5279.5
5281.9
5283.0
5286.2
5290.2
5291.2
5292.8
5294.5
5294.7
5294.9
5297.4
5300.2
5305.6
5306.0
5306.3
5307.4
5307.9
5309.1
5311.1
5311.1
5311.7
5311.9
5314.9
5315.1
5316.1
5316.1
5317.5
5318.4
5318.5
5318.7
5319.0
5325.1
5325.3
5325.8
5326.0
5327.6
5330.4
5330.8
5331.2
5331.6
5332.4
5332.7
5333.0
5333.2
5335.2
5335.3
5335.3
5335.4
5335.5
5336.1
5336.7
5337.3
5340.8
5341.4
5342.0
5342.2
5343.0
5344.9
5345.4
5345.8
5346.4
5347.6
5348.1
5348.5
5348.9
5350.4
5351.0
5352.4
5352.9
5352.9
5354.2
5355.2
5358.4
5358.9
5360.3
5360.6
5360.6
5361.7
5362.1
5362.2
5363.6
5363.6
5365.8
5366.6
5367.0
5368.5
5368.5
5371.2
5371.4
5371.9
5373.1
5373.4
5374.3
5375.5
5375.6
5376.1
5379.3
5379.4
5381.3
5381.9
5382.9
5383.7
5384.7
5385.6
5386.5
5387.2
5387.9
5388.6
5389.1
5389.4
5390.2
5391.6
5392.4
5393.4
5393.8
5395.2
5395.9
5396.5
5396.7
5397.2
5397.3
5397.9
5399.2
5399.2
5399.5
5403.9
5404.0
5405.3
5405.6
5407.0
5408.0
5408.7
5410.6
5416.5
5416.6
5420.2
5426.5
5428.3
5432.5
5433.1
5434.6
5434.9
5435.1
5437.1
5437.8
5438.0
5438.7
5439.0
5439.9
5440.6
5441.2
5441.3
5441.3
5441.6
5441.9
5443.3
5444.2
5444.4
5444.7
5445.1
5445.9
5445.9
5446.2
5448.1
5450.1
5450.5
5451.0
5452.4
5452.6
5452.6
5453.2
5453.3
5453.9
5454.6
5455.0
5455.7
5456.5
5456.9
5458.7
5460.7
5460.8
5461.2
5465.1
5465.2
5465.2
5465.8
5466.9
5467.4
5468.1
5468.1
5470.8
5471.4
5471.8
5472.4
5473.6
5473.8
5474.1
5474.2
5474.9
5476.4
5477.2
5477.8
5478.6
5482.5
5484.3
5485.7
5485.7
5486.0
5486.0
5487.4
5488.3
5488.9
5489.8
5490.8
5491.5
5495.9
5500.2
5500.9
5501.1
5502.4
5503.8
5504.2
5504.4
5504.5
5505.0
5505.4
5506.0
5506.8
5509.9
5510.3
5513.3
5514.3
5514.4
5514.7
5514.7
5514.8
5517.1
5517.9
5518.0
5519.0
5520.2
5520.8
5522.3
5522.9
5523.3
5525.4
5529.3
5530.2
5530.7
5531.4
5531.5
5532.1
5532.4
5532.4
5532.6
5533.3
5533.3
5534.7
5534.9
5535.3
5536.6
5537.7
5537.9
5538.3
5540.5
5541.6
5541.7
5542.4
5543.1
5546.3
5546.7
5547.2
5547.7
5547.9
5548.0
5548.9
5551.9
5552.1
5554.4
5554.7
5556.8
5558.5
5559.1
5559.2
5561.4
5563.2
5566.8
5567.0
5567.0
5567.0
5567.8
5568.3
5568.5
5570.8
5572.6
5573.3
5573.4
5574.2
5575.6
5576.0
5576.1
5576.7
5577.7
5581.3
5581.7
5583.3
5586.1
5586.4
5587.3
5587.7
5588.6
5589.1
5590.6
5591.5
5591.6
5593.2
5593.5
5594.3
5594.8
5597.6
5599.6
5601.7
5602.3
5602.8
5602.9
5603.7
5604.9
5605.7
5606.3
5607.2
5607.3
5608.5
5613.7
5614.5
5614.9
5615.4
5618.0
5618.1
5618.2
5619.1
5619.7
5621.0
5622.6
5623.2
5623.3
5626.6
5627.2
5628.3
5629.4
5631.4
5631.6
5632.0
5632.1
5636.4
5637.3
5638.7
5639.4
5640.1
5641.3
5642.3
5643.8
5644.0
5646.0
5647.4
5647.5
5648.6
5649.3
5650.7
5652.6
5653.7
5653.8
5655.1
5655.9
5656.6
5656.8
5658.0
5658.1
5658.1
5659.6
5661.2
5662.0
5663.6
5665.0
5666.4
5668.7
5669.4
5670.3
5671.2
5673.4
5673.8
5674.6
5675.0
5675.2
5677.0
5678.6
5679.5
5679.7
5687.5
5687.7
5688.2
5692.0
5692.9
5695.1
5695.9
5701.0
5704.2
5706.0
5706.1
5707.0
5708.0
5711.1
5712.0
5714.8
5714.8
5715.7
5716.4
5717.3
5718.6
5719.2
5720.8
5723.9
5724.8
5725.1
5727.5
5729.5
5729.9
5731.6
5732.1
5732.2
5732.6
5732.8
5732.9
5735.5
5736.9
5738.1
5739.3
5741.2
5742.4
5743.3
5743.4
5744.1
5747.2
5747.5
5748.4
5749.0
5751.8
5751.9
5752.2
5752.3
5753.2
5754.3
5755.2
5756.9
5757.9
5758.8
5759.2
5759.6
5760.7
5761.1
5761.7
5762.5
5764.8
5765.0
5765.4
5769.3
5770.2
5770.7
5770.9
5771.7
5773.6
5774.2
5775.9
5776.4
5778.8
5779.2
5779.5
5779.8
5779.8
5780.2
5781.5
5781.9
5783.0
5784.0
5784.4
5785.9
5786.0
5786.6
5787.2
5787.5
5793.4
5793.9
5795.7
5796.4
5796.5
5798.6
5799.1
5800.0
5800.8
5801.9
5802.5
5803.7
5804.7
5804.7
5805.2
5806.0
5806.5
5807.2
5807.3
5808.0
5809.3
5810.2
5810.4
5813.6
5814.6
5816.9
5817.0
5817.1
5817.7
5819.8
5820.9
5822.4
5823.4
5823.4
5824.1
5825.5
5825.8
5828.3
5828.5
5829.8
5831.8
5832.4
5832.4
5832.6
5834.8
5836.4
5836.7
5842.1
5842.6
5842.7
5843.3
5844.0
5844.8
5847.0
5848.2
5850.3
5850.6
5851.5
5853.8
5854.7
5855.1
5855.9
5856.5
5857.1
5860.3
5860.4
5860.5
5861.2
5861.8
5864.3
5864.5
5864.8
5864.9
5865.0
5865.7
5867.0
5869.3
5869.3
5874.1
5874.6
5875.1
5875.5
5876.0
5876.9
5877.3
5879.6
5881.1
5881.6
5882.0
5882.3
5883.0
5885.3
5885.9
5886.2
5887.6
5890.9
5892.2
5892.5
5894.3
5895.9
5896.4
5897.9
5899.1
5899.4
5899.9
5901.8
5902.7
5903.8
5904.4
5905.1
5905.5
5907.7
5909.8
5910.4
5910.8
5911.0
5912.4
5913.4
5913.9
5915.8
5915.8
5918.2
5920.6
5923.7
5924.5
5925.3
5925.7
5928.8
5929.8
5929.9
5937.0
5938.5
5939.0
5940.7
5940.8
5940.9
5942.2
5942.7
5942.8
5943.5
5943.6
5945.8
5947.5
5947.5
5947.8
5948.0
5948.6
5950.3
5951.8
5952.9
5953.5
5954.1
5956.4
5958.4
5958.9
5960.7
5961.5
5962.0
5962.2
5962.7
5963.0
5963.2
5964.5
5965.0
5966.7
5968.8
5969.0
5969.4
5970.0
5971.0
5971.3
5974.4
5974.6
5975.1
5975.2
5976.5
5978.5
5978.8
5979.1
5979.4
5980.0
5981.5
5982.1
5985.7
5986.9
5988.7
5990.6
5991.9
5992.0
5992.4
5992.9
5996.0
5996.1
5997.6
5998.5
6001.5
6003.6
6004.4
6004.8
6006.1
6006.4
6006.9
6006.9
6007.7
6007.8
6008.9
6009.0
6010.0
6010.1
6010.9
6010.9
6011.1
6011.2
6011.5
6012.3
6013.4
6013.9
6016.0
6016.5
6017.9
6019.2
6020.7
6020.9
6021.4
6023.0
6023.6
6026.3
6027.2
6028.7
6028.9
6029.1
6032.3
6032.8
6032.8
6033.5
6034.3
6034.4
6035.1
6035.3
6037.1
6037.1
6038.6
6039.2
6039.6
6040.2
6041.1
6042.4
6043.5
6043.7
6045.3
6045.4
6047.2
6047.9
6048.1
6048.2
6049.1
6051.4
6051.9
6052.3
6055.7
6057.1
6059.0
6059.6
6060.1
6060.1
6060.4
6062.2
6062.5
6064.3
6065.1
6065.6
6066.0
6068.2
6068.3
6069.6
6072.3
6073.1
6075.1
6075.8
6076.7
6078.9
6079.8
6084.1
6085.8
6087.9
6087.9
6089.6
6089.6
6089.7
6092.2
6092.4
6093.9
6094.1
6095.4
6095.4
6096.1
6097.0
6097.5
6099.3
6099.6
6099.8
6100.6
6100.7
6101.8
6102.2
6102.4
6104.3
6104.8
6104.8
6105.0
6105.9
6109.7
6109.8
6111.1
6111.1
6113.7
6114.0
6114.0
6114.4
6115.5
6115.7
6116.6
6116.8
6117.6
6120.5
6121.2
6122.7
6123.4
6124.0
6126.0
6126.2
6126.8
6127.4
6131.1
6131.2
6131.3
6132.0
6132.6
6134.1
6135.6
6136.7
6137.9
6138.7
6138.8
6140.3
6141.5
6143.3
6143.5
6144.6
6145.4
6146.2
6146.3
6146.7
6147.8
6148.2
6148.3
6149.7
6149.8
6151.3
6152.8
6153.0
6154.0
6154.6
6154.8
6156.9
6158.1
6159.9
6160.2
6160.9
6161.1
6161.9
6165.6
6165.6
6166.6
6167.8
6168.3
6168.5
6170.8
6170.9
6171.1
6171.8
6173.8
6174.7
6174.9
6175.6
6176.3
6176.9
6177.3
6178.8
6179.0
6182.5
6183.4
6184.7
6185.2
6185.3
6186.4
6187.4
6187.5
6189.2
6189.6
6189.8
6190.1
6190.2
6191.1
6191.2
6191.5
6191.6
6192.1
6192.1
6192.6
6197.6
6198.3
6198.8
6199.1
6200.0
6200.6
6200.7
6201.0
6201.6
6201.9
6202.4
6203.1
6203.7
6205.6
6206.0
6206.7
6209.0
6210.0
6210.2
6210.8
6211.4
6211.4
6212.0
6212.4
6214.5
6215.0
6216.6
6217.4
6218.3
6218.4
6218.7
6218.9
6219.1
6219.7
6220.5
6223.9
6224.4
6224.8
6225.4
6226.0
6226.9
6228.1
6229.8
6231.0
6231.3
6231.5
6232.1
6232.1
6234.1
6234.2
6234.9
6235.0
6235.2
6236.0
6236.2
6237.2
6237.5
6242.1
6242.2
6242.4
6242.9
6244.4
6247.1
6249.1
6250.9
6252.6
6253.1
6255.5
6258.7
6259.3
6260.0
6262.5
6262.6
6263.3
6263.6
6263.9
6264.7
6265.1
6265.3
6266.4
6267.5
6267.6
6268.4
6270.1
6270.2
6270.5
6270.9
6271.1
6271.4
6273.8
6277.4
6278.2
6278.7
6278.8
6279.3
6279.5
6280.1
6281.5
6281.9
6282.6
6282.8
6286.5
6286.9
6288.6
6289.1
6289.2
6290.0
6290.8
6294.1
6294.2
6294.3
6295.9
6296.7
6296.9
6297.3
6298.2
6302.2
6302.3
6303.0
6306.3
6309.4
6311.6
6312.2
6312.6
6313.2
6319.0
6319.4
6321.7
6323.0
6323.5
6324.6
6324.7
6324.9
6325.5
6326.0
6327.1
6327.3
6327.6
6327.6
6328.4
6329.0
6329.4
6331.3
6332.8
6332.9
6333.1
6333.8
6334.2
6334.4
6334.7
6335.0
6335.6
6336.6
6339.3
6340.3
6340.5
6340.5
6340.6
6340.9
6341.5
6342.0
6342.3
6342.8
6345.6
6345.6
6349.3
6349.9
6351.5
6351.5
6353.2
6354.6
6354.9
6355.4
6357.6
6358.8
6358.9
6360.8
6361.3
6362.1
6362.4
6362.6
6363.4
6364.4
6366.3
6368.3
6368.5
6374.5
6374.7
6374.8
6374.8
6377.9
6379.4
6380.1
6381.6
6383.2
6386.4
6388.0
6390.4
6390.5
6390.6
6391.1
6391.7
6392.2
6393.0
6393.1
6396.0
6396.4
6397.2
6399.5
6400.0
6400.0
6404.6
6404.8
6406.2
6408.2
6409.3
6411.5
6411.5
6413.1
6414.0
6415.8
6416.4
6417.3
6420.5
6421.5
6422.7
6423.6
6424.0
6425.3
6425.6
6429.2
6432.3
6433.1
6434.8
6435.2
6435.3
6435.3
6435.5
6436.9
6437.4
6437.8
6438.1
6438.5
6439.4
6439.5
6439.5
6440.2
6440.2
6440.6
6441.7
6442.8
6443.0
6444.0
6445.2
6445.7
6445.8
6446.0
6446.1
6446.1
6446.6
6446.8
6447.9
6448.2
6450.5
6451.1
6452.4
6453.9
6454.2
6455.4
6456.8
6458.6
6461.1
6463.7
6464.4
6465.9
6466.7
6467.8
6468.8
6473.4
6474.0
6474.6
6474.7
6479.2
6482.5
6483.0
6483.8
6483.9
6484.4
6484.5
6485.4
6485.5
6485.5
6486.8
6487.7
6487.9
6488.4
6489.6
6490.0
6490.0
6490.4
6495.1
6495.4
6498.4
6498.5
6499.9
6499.9
6500.1
6501.4
6502.8
6505.6
6505.8
6505.8
6506.6
6507.6
6507.7
6508.4
6509.1
6509.5
6510.0
6510.2
6512.5
6513.1
6514.2
6515.4
6516.2
6517.0
6517.9
6518.7
6519.1
6519.5
6519.6
6520.1
6520.8
6522.0
6522.8
6523.6
6526.4
6528.3
6531.3
6535.6
6537.0
6537.8
6538.7
6538.9
6539.7
6545.2
6545.8
6547.4
6548.3
6549.2
6551.4
6551.7
6552.5
6554.5
6556.1
6557.0
6557.5
6562.2
6562.6
6563.2
6564.8
6564.9
6566.3
6566.8
6567.3
6567.5
6567.6
6569.1
6571.8
6572.2
6573.7
6573.9
6577.2
6577.2
6577.8
6577.9
6580.3
6580.8
6580.9
6583.5
6584.0
6584.0
6584.4
6584.6
6585.4
6587.1
6587.2
6587.8
6588.7
6591.1
6591.3
6593.4
6593.8
6594.3
6594.9
6595.2
6597.2
6597.3
6597.5
6602.4
6603.8
6605.9
6607.4
6607.6
6608.3
6608.4
6609.1
6611.3
6613.7
6614.7
6615.4
6615.7
6615.7
6615.8
6617.6
6619.5
6620.2
6621.7
6624.8
6627.0
6627.6
6628.1
6628.1
6628.7
6628.9
6629.2
6629.2
6629.2
6629.6
6629.9
6631.5
6634.2
6635.5
6636.8
6638.2
6642.2
6643.2
6645.4
6645.4
6645.4
6646.8
6648.7
6649.1
6649.9
6650.1
6650.1
6650.9
6651.0
6651.7
6652.3
6654.9
6655.0
6655.8
6655.9
6656.9
6657.9
6658.8
6659.2
6660.6
6660.9
6663.8
6664.0
6666.3
6666.9
6667.7
6669.5
6669.6
6671.0
6673.7
6676.4
6676.6
6678.5
6678.7
6681.2
6683.1
6684.0
6684.2
6684.4
6684.6
6685.1
6685.7
6686.3
6688.4
6689.3
6689.6
6691.3
6691.7
6692.8
6695.2
6697.2
6697.5
6698.2
6699.2
6699.8
6701.1
6702.3
6702.4
6702.6
6703.8
6705.5
6706.2
6707.6
6707.7
6707.8
6710.6
6712.9
6714.3
6718.8
6718.9
6720.8
6722.9
6726.4
6726.5
6727.2
6727.3
6728.1
6728.4
6729.8
6732.8
6733.3
6734.4
6735.0
6737.2
6737.2
6737.8
6738.3
6738.6
6740.6
6740.6
6745.7
6745.8
6745.8
6746.9
6747.9
6748.5
6749.5
6750.9
6751.4
6751.7
6751.9
6752.2
6752.8
6753.8
6757.2
6758.9
6760.3
6760.7
6761.5
6761.6
6761.8
6770.6
6771.7
6772.5
6773.3
6773.8
6774.2
6774.5
6775.5
6778.3
6779.1
6779.9
6780.3
6780.5
6780.7
6782.1
6783.0
6783.3
6785.0
6785.2
6787.6
6787.9
6788.0
6791.1
6791.6
6792.9
6792.9
6794.3
6797.6
6798.6
6798.9
6799.5
6799.8
6799.9
6802.4
6802.8
6803.4
6803.7
6804.0
6804.1
6804.8
6805.8
6806.4
6806.4
6809.3
6809.5
6810.6
6815.4
6815.8
6816.0
6816.9
6816.9
6817.4
6818.1
6818.8
6821.0
6821.1
6821.6
6821.8
6822.0
6822.0
6826.3
6828.5
6828.5
6829.0
6829.3
6829.4
6831.4
6833.6
6833.7
6834.6
6835.6
6837.2
6837.6
6837.6
6837.8
6838.4
6838.5
6838.5
6838.5
6838.8
6839.3
6839.5
6839.8
6840.4
6841.5
6841.7
6842.2
6843.6
6844.4
6847.6
6848.2
6849.2
6851.3
6851.4
6852.5
6852.6
6853.6
6854.1
6854.7
6856.0
6858.5
6859.8
6859.8
6860.3
6861.1
6861.2
6864.3
6864.6
6864.8
6864.9
6866.2
6867.2
6868.2
6869.1
6869.3
6870.1
6870.8
6871.4
6871.6
6873.0
6873.0
6873.4
6875.1
6875.6
6876.5
6877.2
6877.6
6879.5
6879.7
6880.2
6880.5
6881.9
6883.8
6884.9
6885.7
6886.8
6887.3
6888.7
6888.9
6890.7
6892.0
6893.5
6893.6
6893.8
6893.8
6895.8
6897.8
6899.7
6899.7
6899.9
6899.9
6900.1
6902.0
6902.4
6903.9
6904.1
6904.3
6904.4
6904.6
6904.9
6906.5
6906.6
6906.8
6906.8
6908.8
6909.9
6910.9
6911.2
6911.8
6912.3
6912.4
6912.4
6913.2
6913.7
6913.9
6914.0
6914.8
6916.1
6918.5
6918.7
6919.6
6920.3
6921.2
6922.2
6922.8
6922.9
6924.1
6924.5
6924.6
6924.9
6925.0
6925.0
6925.5
6925.6
6926.8
6929.3
6929.6
6930.4
6930.7
6932.3
6932.5
6932.7
6934.2
6935.1
6935.2
6935.4
6935.6
6936.3
6937.1
6938.2
6938.7
6939.1
6940.4
6940.4
6941.5
6943.9
6944.4
6944.6
6944.9
6945.1
6945.9
6946.5
6946.5
6947.3
6947.4
6947.8
6949.8
6951.3
6952.6
6955.0
6956.6
6957.9
6959.6
6960.6
6961.1
6962.8
6963.7
6965.7
6967.4
6968.2
6971.0
6972.2
6973.2
6973.8
6973.9
6976.3
6978.3
6978.4
6980.3
6980.6
6980.9
6981.0
6982.1
6982.9
6982.9
6983.6
6983.9
6985.0
6986.2
6987.0
6988.3
6989.3
6992.6
6992.8
6993.0
6996.2
6996.8
6997.3
6998.9
6999.0
6999.8
7000.4
7000.9
7001.1
7001.3
7001.8
7002.5
7002.6
7003.5
7005.0
7005.4
7005.8
7006.9
7007.3
7008.2
7010.0
7013.1
7016.1
7016.5
7016.8
7017.0
7018.2
7018.4
7019.4
7019.6
7019.7
7019.9
7021.2
7021.5
7022.9
7023.0
7026.7
7028.5
7028.5
7031.3
7032.6
7032.8
7033.0
7033.3
7034.5
7035.6
7036.0
7038.9
7040.4
7041.3
7041.7
7042.4
7043.0
7043.1
7044.5
7044.7
7044.7
7045.3
7046.1
7046.6
7046.6
7047.2
7048.0
7048.4
7050.8
7053.0
7053.3
7054.1
7055.1
7055.4
7056.0
7056.5
7059.5
7060.0
7060.1
7060.2
7060.2
7061.8
7062.3
7063.1
7064.1
7064.2
7064.2
7067.5
7069.9
7070.4
7071.0
7071.6
7073.9
7075.4
7075.6
7077.3
7078.1
7079.4
7079.7
7080.1
7081.8
7082.7
7084.0
7084.8
7085.3
7087.7
7088.0
7090.0
7092.6
7093.3
7097.8
7099.3
7099.9
7101.1
7101.4
7104.7
7106.4
7107.0
7107.1
7108.8
7109.8
7111.2
7112.9
7113.5
7115.0
7115.0
7115.1
7115.9
7116.4
7117.8
7119.0
7120.4
7120.7
7120.7
7120.7
7120.7
7121.6
7122.1
7122.9
7127.8
7128.1
7131.7
7132.0
7134.7
7135.3
7135.4
7135.8
7136.0
7137.2
7137.5
7138.0
7138.4
7139.3
7139.7
7143.6
7144.3
7148.2
7148.3
7148.6
7151.1
7153.7
7157.9
7158.2
7160.6
7161.2
7161.5
7161.7
7163.0
7163.2
7163.4
7165.2
7169.4
7171.2
7172.8
7175.4
7175.4
7176.1
7177.6
7183.2
7183.8
7183.8
7183.9
7185.7
7186.3
7187.3
7187.4
7187.5
7188.4
7188.8
7189.6
7189.7
7191.3
7194.3
7195.3
7197.2
7199.7
7200.8
7203.3
7203.6
7204.5
7207.0
7208.9
7210.4
7211.9
7212.3
7212.3
7212.4
7214.3
7214.9
7217.2
7218.5
7218.9
7219.1
7220.1
7220.3
7220.4
7220.7
7222.2
7223.1
7223.4
7223.7
7224.2
7224.7
7224.8
7225.5
7226.5
7226.6
7227.2
7228.8
7230.5
7231.0
7231.5
7231.6
7231.8
7232.0
7232.7
7234.1
7235.2
7237.2
7238.9
7239.6
7242.6
7242.9
7243.3
7243.3
7243.3
7244.3
7249.7
7253.3
7253.4
7254.5
7255.0
7256.5
7257.0
7258.8
7259.8
7260.6
7260.7
7263.4
7265.1
7266.6
7266.7
7266.9
7267.1
7270.4
7271.8
7272.6
7273.3
7273.8
7276.8
7277.1
7277.3
7279.4
7284.4
7285.0
7285.4
7288.5
7288.6
7289.2
7290.3
7291.8
7291.9
7292.3
7293.1
7293.6
7293.6
7294.9
7295.1
7295.9
7297.1
7298.2
7299.3
7299.4
7299.7
7299.9
7301.8
7304.2
7304.3
7304.3
7307.0
7309.0
7309.7
7310.3
7310.8
7310.8
7311.1
7311.2
7311.7
7311.9
7312.1
7312.3
7312.7
7312.9
7313.4
7314.4
7316.0
7316.1
7318.4
7318.7
7319.3
7321.3
7322.0
7322.2
7322.6
7323.6
7323.8
7324.2
7327.8
7328.2
7328.3
7329.0
7330.8
7331.4
7332.5
7333.7
7334.8
7335.5
7336.1
7338.3
7339.2
7340.2
7342.3
7344.8
7345.7
7345.8
7346.2
7346.4
7348.9
7349.1
7349.1
7349.4
7350.4
7351.1
7352.7
7353.7
7354.4
7355.0
7355.4
7358.8
7358.9
7359.3
7359.7
7362.4
7362.8
7362.9
7363.0
7364.3
7365.0
7365.6
7366.6
7372.8
7373.1
7373.2
7374.7
7377.4
7378.0
7378.2
7379.1
7379.6
7379.8
7379.9
7381.1
7382.1
7382.2
7384.2
7384.5
7384.5
7384.7
7385.3
7388.7
7390.0
7390.1
7391.1
7392.2
7393.9
7394.2
7395.2
7395.5
7396.7
7396.7
7398.4
7398.9
7399.5
7399.9
7400.5
7400.7
7401.8
7401.9
7402.7
7405.0
7405.7
7406.0
7406.1
7406.6
7406.6
7407.2
7407.3
7407.7
7408.0
7408.2
7408.4
7408.7
7409.3
7410.3
7410.9
7411.3
7411.6
7411.9
7412.4
7412.6
7412.9
7413.0
7415.0
7415.3
7418.0
7419.1
7419.3
7419.6
7419.7
7419.7
7423.4
7425.7
7428.1
7430.0
7430.7
7431.9
7432.1
7432.8
7433.5
7436.7
7439.8
7441.1
7441.6
7442.0
7442.9
7443.0
7444.5
7444.8
7445.1
7447.7
7449.2
7449.6
7450.7
7452.3
7452.9
7454.2
7454.2
7456.5
7456.6
7458.1
7458.2
7458.3
7458.4
7459.5
7460.4
7462.1
7462.2
7462.3
7462.5
7462.9
7463.2
7464.0
7464.2
7466.2
7469.1
7469.2
7469.4
7470.7
7471.0
7472.2
7473.7
7474.1
7475.3
7475.5
7476.8
7478.9
7479.8
7480.7
7483.5
7484.2
7484.9
7487.0
7487.3
7489.8
7490.4
7491.2
7492.4
7492.9
7493.6
7493.8
7494.1
7494.2
7496.3
7498.4
7498.8
7501.3
7505.1
7505.2
7505.4
7507.0
7507.4
7508.8
7508.9
7509.6
7511.0
7511.9
7513.2
7515.2
7515.8
7516.6
7516.9
7519.9
7520.1
7520.8
7521.7
7522.1
7522.3
7522.4
7522.6
7523.9
7524.4
7525.5
7526.2
7526.6
7527.2
7527.5
7528.1
7530.0
7530.8
7531.6
7532.0
7532.6
7532.7
7533.2
7534.8
7536.9
7537.1
7538.1
7539.2
7543.4
7543.6
7544.4
7544.4
7544.7
7546.5
7546.7
7546.8
7547.5
7549.3
7552.1
7552.6
7552.9
7554.1
7554.1
7554.3
7554.4
7555.5
7556.1
7556.5
7556.9
7557.8
7558.9
7559.9
7560.6
7561.9
7563.5
7564.3
7565.8
7566.2
7567.2
7568.8
7569.4
7571.8
7572.0
7573.7
7575.0
7575.9
7579.7
7580.2
7580.7
7581.4
7581.6
7582.4
7583.8
7585.2
7585.3
7587.1
7587.4
7587.9
7588.4
7589.5
7589.6
7590.6
7592.5
7592.8
7592.9
7594.0
7598.0
7599.7
7601.2
7602.8
7604.8
7604.8
7606.5
7611.6
7611.8
7613.1
7615.4
7615.4
7615.9
7616.9
7617.6
7617.9
7618.0
7619.1
7619.5
7620.3
7620.5
7620.9
7622.1
7622.8
7624.4
7627.5
7630.6
7631.1
7631.7
7631.8
7631.8
7632.5
7632.7
7634.3
7634.8
7635.1
7636.0
7636.0
7637.7
7638.0
7638.8
7639.1
7640.5
7641.2
7642.4
7644.5
7646.4
7646.5
7646.9
7649.6
7653.0
7654.5
7656.0
7657.2
7658.1
7660.9
7660.9
7661.2
7661.9
7663.8
7669.4
7676.8
7678.1
7682.7
7683.2
7683.8
7683.8
7685.0
7685.6
7686.1
7686.7
7687.9
7688.5
7688.7
7689.1
7690.2
7692.3
7693.7
7698.8
7699.0
7700.9
7702.8
7704.3
7705.0
7706.8
7707.1
7707.4
7710.2
7710.2
7710.6
7711.3
7711.6
7712.3
7712.7
7714.6
7716.3
7716.8
7717.6
7719.8
7721.0
7722.2
7722.3
7725.0
7726.7
7726.9
7727.6
7729.1
7729.2
7729.8
7730.0
7731.8
7732.1
7732.6
7732.6
7733.0
7733.1
7735.0
7735.3
7736.2
7736.9
7737.4
7740.5
7741.6
7743.4
7743.7
7743.9
7744.1
7745.3
7746.8
7749.0
7750.2
7754.1
7756.8
7757.4
7757.8
7762.6
7762.6
7764.2
7766.1
7766.7
7767.9
7768.5
7769.1
7769.4
7769.8
7770.1
7774.5
7777.7
7777.8
7778.4
7779.9
7780.1
7781.6
7783.0
7784.8
7784.9
7784.9
7785.2
7785.8
7789.8
7792.0
7792.5
7792.8
7793.7
7794.6
7795.7
7799.1
7800.0
7800.1
7800.2
7801.3
7801.8
7802.5
7803.2
7806.5
7806.7
7809.2
7811.6
7812.1
7812.6
7813.3
7813.6
7813.7
7815.1
7816.1
7816.5
7817.3
7818.8
7819.4
7820.3
7820.5
7822.1
7822.8
7823.2
7824.7
7825.3
7826.0
7826.6
7828.0
7831.9
7833.8
7834.8
7835.1
7835.6
7835.6
7836.1
7836.3
7837.6
7839.0
7839.1
7839.4
7839.7
7840.5
7841.4
7841.5
7844.4
7845.7
7850.5
7851.0
7851.3
7851.6
7853.5
7855.3
7855.5
7857.0
7857.8
7857.8
7859.5
7860.3
7860.9
7862.0
7862.9
7863.1
7863.4
7864.0
7864.7
7865.7
7866.0
7867.5
7868.3
7869.4
7869.6
7870.1
7871.1
7872.4
7873.4
7873.7
7873.8
7874.2
7879.2
7879.6
7881.9
7884.2
7885.8
7886.2
7889.1
7889.9
7890.8
7891.8
7892.3
7894.0
7895.3
7896.2
7896.8
7896.9
7897.4
7897.6
7898.6
7899.4
7904.1
7904.1
7904.2
7904.3
7905.7
7905.7
7905.9
7906.6
7907.1
7908.2
7908.7
7910.1
7912.7
7912.8
7913.6
7914.1
7914.4
7914.4
7914.7
7914.8
7914.9
7915.2
7917.6
7918.0
7918.2
7919.2
7921.4
7922.1
7922.2
7922.9
7923.0
7924.2
7926.8
7927.6
7928.1
7934.6
7936.0
7938.3
7938.4
7938.6
7942.0
7944.1
7951.0
7951.5
7952.1
7952.2
7952.4
7952.5
7953.5
7954.3
7954.6
7957.6
7958.1
7958.4
7958.8
7959.6
7961.0
7961.3
7961.3
7963.6
7963.9
7964.1
7966.7
7968.2
7970.2
7970.8
7971.0
7972.8
7973.0
7973.2
7976.6
7977.7
7978.3
7978.8
7978.9
7980.6
7981.5
7981.5
7984.8
7986.1
7988.3
7989.7
7990.6
7990.7
7990.8
7990.9
7992.5
7994.1
7994.6
7994.8
7997.2
7998.0
7998.3
7998.4
7998.5
8002.8
8003.0
8003.0
8003.2
8005.4
8007.2
8007.6
8010.3
8011.2
8012.5
8014.3
8015.0
8016.2
8017.4
8018.5
8021.1
8021.4
8021.5
8021.6
8021.7
8023.3
8024.0
8027.1
8027.2
8028.6
8028.9
8029.1
8029.1
8031.9
8033.1
8033.3
8034.3
8036.4
8036.9
8039.0
8041.2
8042.9
8044.9
8045.2
8045.5
8046.3
8046.4
8047.8
8048.8
8051.9
8052.9
8054.5
8057.0
8057.4
8058.4
8059.0
8059.0
8059.1
8060.9
8062.3
8062.7
8064.7
8066.8
8069.3
8069.6
8069.9
8070.8
8071.2
8073.1
8075.5
8076.8
8076.9
8080.5
8081.5
8084.8
8085.2
8086.8
8087.3
8089.8
8090.2
8090.3
8090.6
8090.9
8091.8
8091.8
8093.0
8094.6
8095.2
8098.1
8099.5
8099.7
8099.8
8100.0
8100.1
8101.9
8102.6
8103.5
8104.3
8104.9
8105.0
8105.0
8106.4
8106.9
8107.5
8107.8
8107.8
8107.8
8108.6
8109.1
8109.6
8110.7
8113.0
8113.0
8115.4
8115.9
8116.0
8117.5
8119.0
8119.1
8119.9
8121.9
8122.3
8122.9
8124.7
8124.9
8127.3
8128.0
8131.4
8133.0
8133.4
8134.2
8134.3
8136.6
8138.5
8139.4
8140.2
8141.2
8141.3
8145.4
8145.6
8145.8
8148.8
8149.0
8150.2
8151.4
8151.5
8152.2
8152.8
8153.2
8154.7
8155.6
8157.0
8157.3
8157.5
8157.8
8158.4
8158.4
8158.6
8158.8
8160.6
8161.1
8162.9
8163.0
8163.4
8164.3
8166.6
8167.9
8168.3
8170.3
8170.5
8172.1
8172.7
8172.7
8173.5
8173.6
8173.9
8175.6
8176.1
8177.0
8177.4
8178.8
8180.4
8180.6
8181.1
8181.4
8181.4
8181.6
8181.6
8183.8
8183.9
8184.0
8187.0
8187.1
8187.9
8188.0
8188.7
8188.8
8191.4
8192.1
8193.6
8194.3
8195.5
8195.8
8196.8
8197.8
8199.1
8199.6
8199.8
8200.5
8201.4
8202.1
8202.7
8202.8
8203.8
8206.6
8208.0
8209.1
8209.2
8210.3
8211.8
8212.5
8213.6
8213.9
8214.1
8214.8
8215.7
8215.8
8217.6
8221.8
8221.8
8223.1
8223.8
8224.5
8226.9
8227.6
8230.4
8231.7
8231.7
8232.0
8232.5
8232.6
8233.8
8235.8
8237.5
8238.0
8239.1
8240.4
8240.4
8240.6
8241.0
8241.9
8244.4
8247.2
8248.5
8248.7
8250.3
8250.5
8250.9
8251.6
8252.1
8252.2
8252.4
8252.9
8253.6
8253.7
8255.7
8256.8
8258.4
8259.0
8259.9
8260.6
8261.2
8261.7
8263.1
8263.7
8264.5
8265.3
8266.1
8268.0
8268.2
8268.9
8269.2
8269.3
8269.4
8270.2
8271.1
8271.6
8273.4
8273.7
8275.5
8275.7
8276.5
8277.0
8277.8
8278.5
8282.3
8283.2
8286.3
8287.3
8288.5
8289.3
8289.3
8289.4
8289.5
8290.4
8290.9
8292.4
8293.3
8294.1
8294.8
8295.8
8295.8
8296.0
8297.8
8298.9
8299.4
8301.6
8301.8
8302.9
8305.3
8305.7
8305.8
8305.8
8306.6
8309.1
8309.2
8311.2
8312.5
8314.6
8319.2
8320.4
8320.8
8321.9
8323.7
8324.4
8327.4
8331.4
8333.8
8334.1
8335.6
8336.5
8338.8
8339.4
8341.5
8343.1
8347.4
8353.5
8353.5
8354.3
8355.0
8356.3
8357.1
8357.8
8358.4
8361.4
8361.7
8362.1
8362.4
8363.9
8364.4
8365.4
8366.9
8367.4
8368.4
8368.5
8369.4
8369.8
8370.8
8371.2
8371.8
8374.1
8374.9
8375.9
8376.4
8379.4
8380.5
8382.7
8385.1
8385.3
8386.4
8386.5
8387.2
8388.3
8388.6
8389.2
8389.6
8390.9
8392.3
8392.9
8393.6
8394.1
8395.6
8395.6
8396.1
8396.3
8396.6
8396.8
8397.8
8398.8
8399.6
8400.2
8402.3
8402.5
8402.7
8402.9
8406.3
8407.2
8408.1
8408.1
8409.4
8409.9
8410.6
8410.9
8412.0
8413.9
8415.0
8415.3
8416.1
8417.3
8417.5
8418.0
8418.2
8418.3
8420.5
8421.6
8424.2
8424.5
8424.8
8425.0
8425.3
8425.7
8426.7
8428.6
8428.7
8429.1
8431.4
8431.5
8432.2
8433.0
8433.8
8434.1
8434.1
8434.5
8437.1
8438.0
8438.6
8439.0
8439.2
8439.8
8439.8
8440.6
8442.2
8442.3
8442.7
8444.9
8444.9
8445.0
8445.8
8449.4
8450.0
8450.4
8453.0
8453.0
8454.1
8454.7
8455.5
8457.2
8457.3
8458.0
8460.1
8460.1
8461.8
8461.8
8463.5
8465.1
8465.1
8465.4
8466.2
8468.1
8468.2
8468.5
8471.2
8471.9
8473.4
8473.7
8474.2
8474.6
8475.9
8476.6
8477.1
8477.3
8477.5
8479.8
8480.2
8482.9
8483.4
8483.6
8485.4
8486.4
8486.7
8487.5
8488.0
8491.3
8495.2
8496.2
8497.3
8497.4
8497.5
8497.9
8498.2
8499.0
8499.5
8500.2
8502.0
8503.9
8506.7
8507.5
8508.5
8509.6
8510.2
8511.0
8511.4
8511.5
8511.8
8515.3
8515.8
8518.6
8518.8
8519.5
8519.6
8520.0
8520.6
8520.8
8520.9
8523.9
8525.3
8526.2
8526.4
8528.8
8529.6
8530.4
8532.2
8532.4
8536.4
8539.4
8539.8
8539.8
8540.7
8542.2
8542.4
8543.7
8545.1
8545.3
8545.3
8546.7
8547.3
8547.4
8548.0
8548.8
8550.0
8550.3
8552.9
8553.7
8557.2
8558.3
8559.6
8559.7
8560.1
8562.5
8563.9
8564.4
8565.5
8565.7
8566.5
8567.1
8568.1
8568.1
8568.2
8569.3
8569.7
8569.8
8569.8
8570.3
8570.4
8572.1
8573.0
8574.2
8576.9
8577.2
8577.4
8580.2
8581.4
8582.6
8586.7
8587.6
8587.9
8590.8
8592.4
8593.5
8597.2
8597.5
8597.9
8598.1
8600.6
8600.8
8601.8
8602.6
8603.7
8604.5
8604.5
8606.2
8608.2
8608.6
8609.5
8610.5
8610.9
8611.4
8612.6
8612.7
8614.2
8614.5
8615.5
8617.3
8618.6
8620.0
8620.1
8621.9
8622.6
8624.4
8624.4
8625.6
8626.4
8627.4
8627.5
8628.4
8629.1
8630.2
8631.4
8632.7
8635.6
8635.9
8636.2
8637.2
8637.3
8637.3
8638.0
8638.4
8638.4
8638.9
8641.6
8642.0
8642.7
8643.1
8643.6
8643.9
8644.2
8644.8
8645.4
8646.6
8646.8
8647.7
8647.7
8648.2
8650.2
8653.8
8654.7
8655.0
8655.1
8655.7
8658.7
8665.3
8665.7
8667.7
8669.2
8669.5
8671.5
8674.8
8677.2
8681.5
8682.7
8684.1
8684.6
8685.2
8685.7
8685.9
8687.7
8688.8
8689.6
8689.8
8690.4
8691.0
8693.9
8694.5
8694.8
8696.1
8696.1
8696.9
8698.5
8700.8
8701.4
8702.5
8704.2
8704.5
8704.6
8705.0
8709.0
8710.5
8712.0
8713.5
8716.6
8716.6
8718.5
8720.7
8720.9
8720.9
8721.1
8721.3
8722.5
8723.0
8724.4
8724.9
8728.4
8728.7
8729.9
8730.9
8731.3
8731.6
8732.2
8733.0
8733.4
8735.6
8735.9
8736.4
8736.7
8737.9
8741.3
8742.3
8742.7
8744.0
8744.4
8745.0
8745.6
8750.0
8750.1
8751.6
8751.7
8751.8
8752.0
8754.6
8755.4
8756.5
8756.8
8757.5
8758.4
8760.0
8760.3
8760.8
8762.0
8764.4
8764.5
8766.2
8768.1
8772.4
8773.7
8774.1
8774.4
8774.7
8774.9
8775.5
8777.9
8777.9
8778.6
8778.7
8778.7
8780.3
8780.3
8781.1
8781.8
8782.0
8782.1
8783.7
8785.6
8786.6
8787.0
8788.9
8790.8
8790.8
8791.7
8793.1
8793.5
8795.0
8795.2
8796.3
8797.9
8800.6
8801.6
8802.9
8803.1
8803.3
8803.5
8806.9
8807.0
8811.0
8812.6
8813.1
8813.6
8815.5
8816.7
8817.4
8820.1
8820.2
8823.8
8824.4
8824.8
8825.7
8826.7
8827.1
8828.1
8830.0
8830.0
8831.0
8831.2
8833.0
8835.8
8835.9
8836.3
8837.6
8837.7
8841.9
8842.1
8842.3
8847.1
8847.1
8847.9
8850.8
8852.1
8852.8
8853.0
8853.6
8853.8
8854.6
8856.4
8856.8
8858.7
8861.6
8861.8
8862.4
8863.1
8863.2
8864.7
8865.0
8865.3
8865.5
8869.0
8869.3
8870.0
8871.3
8872.1
8873.3
8873.4
8873.5
8873.9
8874.1
8874.3
8876.4
8877.2
8877.5
8878.0
8880.4
8880.8
8881.8
8881.8
8882.7
8884.9
8885.6
8885.7
8886.5
8888.6
8889.9
8890.2
8891.5
8892.1
8896.5
8897.4
8901.5
8902.3
8903.1
8905.5
8906.4
8907.6
8909.7
8910.1
8910.2
8913.2
8914.3
8916.9
8917.0
8917.0
8918.8
8919.5
8920.4
8923.6
8923.7
8924.0
8925.1
8925.3
8928.4
8928.8
8930.5
8930.6
8931.0
8931.9
8932.8
8932.9
8934.3
8934.8
8938.7
8939.6
8939.6
8940.1
8940.9
8941.7
8942.2
8942.5
8944.6
8944.7
8944.9
8945.5
8946.7
8947.8
8947.8
8949.5
8950.0
8952.1
8952.6
8953.1
8953.9
8954.5
8955.8
8956.4
8957.1
8957.4
8958.0
8958.5
8959.1
8959.4
8959.6
8961.2
8966.0
8967.6
8967.7
8968.5
8969.0
8972.2
8972.9
8975.3
8976.4
8976.5
8978.1
8980.3
8982.1
8984.5
8986.2
8988.0
8988.8
8989.7
8990.0
8990.9
8995.1
8995.2
8998.4
9000.1
9000.8
9001.9
9003.5
9004.8
9005.2
9005.3
9005.6
9007.1
9007.8
9010.3
9010.3
9010.9
9012.2
9013.1
9013.2
9013.6
9014.5
9015.0
9016.1
9016.6
9019.1
9020.9
9022.9
9025.0
9026.0
9027.5
9028.2
9028.3
9030.1
9030.9
9031.0
9031.2
9032.1
9032.5
9032.6
9034.0
9034.3
9035.6
9035.7
9037.1
9037.3
9038.0
9038.8
9038.8
9040.1
9043.4
9044.2
9044.7
9045.5
9045.7
9048.3
9048.3
9050.0
9050.2
9050.4
9051.4
9053.1
9053.5
9055.9
9056.7
9057.0
9059.4
9059.5
9059.5
9062.6
9063.6
9064.5
9064.7
9067.2
9067.5
9070.7
9071.9
9072.2
9073.5
9074.4
9074.5
9075.8
9076.2
9077.0
9077.1
9077.4
9077.9
9078.7
9079.3
9080.4
9081.5
9081.5
9081.5
9081.9
9086.1
9086.7
9087.0
9087.6
9089.4
9089.9
9090.0
9090.1
9090.7
9091.9
9093.6
9093.7
9094.3
9097.1
9097.7
9098.5
9099.7
9102.5
9102.7
9103.4
9105.1
9105.5
9106.1
9107.6
9107.6
9108.6
9108.6
9109.1
9109.7
9111.5
9111.6
9112.5
9113.0
9115.5
9119.6
9122.1
9122.2
9122.5
9123.3
9123.9
9124.7
9129.8
9130.6
9130.6
9131.9
9133.4
9133.7
9134.1
9134.9
9135.2
9137.6
9137.9
9138.1
9141.6
9144.2
9147.1
9148.2
9148.6
9148.9
9149.6
9153.1
9154.1
9154.2
9154.8
9155.2
9156.5
9156.8
9157.1
9157.8
9158.4
9158.8
9159.8
9161.6
9162.4
9165.2
9166.6
9167.4
9167.6
9168.4
9169.0
9169.4
9171.5
9171.6
9172.1
9172.9
9174.6
9175.0
9175.7
9178.4
9180.7
9181.5
9182.9
9183.7
9184.7
9184.9
9185.1
9186.5
9186.8
9187.7
9190.2
9190.9
9193.0
9193.8
9193.9
9194.4
9194.8
9195.0
9196.4
9196.9
9197.8
9199.4
9200.6
9202.4
9206.0
9207.7
9208.3
9210.0
9210.8
9211.6
9215.6
9216.0
9217.4
9218.2
9220.5
9220.8
9221.9
9222.7
9223.9
9225.6
9226.3
9226.5
9227.6
9227.7
9228.3
9228.9
9229.7
9231.5
9231.8
9232.2
9235.6
9235.9
9236.3
9236.5
9238.3
9238.5
9243.6
9243.8
9244.0
9244.1
9245.0
9245.3
9247.3
9247.5
9248.5
9250.9
9251.2
9251.9
9252.7
9253.6
9253.6
9253.8
9254.1
9254.5
9256.7
9257.6
9258.1
9258.2
9259.9
9260.9
9261.6
9262.2
9263.4
9263.6
9263.9
9263.9
9265.3
9265.6
9266.2
9266.4
9269.9
9270.9
9271.7
9271.9
9272.7
9272.8
9273.1
9273.8
9273.8
9274.6
9274.9
9275.3
9276.1
9276.9
9277.1
9278.1
9278.6
9279.5
9279.6
9281.9
9282.0
9282.2
9282.2
9282.2
9284.0
9284.5
9284.7
9287.3
9287.4
9288.5
9290.2
9290.8
9292.0
9294.9
9296.0
9297.0
9297.5
9299.1
9300.9
9301.1
9302.4
9302.4
9302.5
9305.6
9305.6
9308.8
9309.8
9310.0
9310.1
9310.6
9311.7
9312.4
9317.2
9317.4
9317.6
9318.4
9318.5
9319.9
9320.9
9321.4
9324.6
9327.0
9327.0
9329.1
9330.4
9330.7
9333.2
9335.8
9336.1
9336.4
9336.8
9337.4
9339.1
9341.0
9342.4
9343.1
9343.2
9343.2
9344.3
9345.4
9345.6
9346.6
9350.2
9352.1
9352.3
9352.3
9353.5
9354.5
9356.5
9356.8
9356.9
9358.5
9361.1
9362.6
9363.2
9364.2
9369.3
9369.4
9370.8
9371.2
9372.4
9374.5
9375.8
9375.8
9376.5
9376.5
9378.5
9379.3
9382.8
9384.6
9384.8
9385.6
9386.5
9387.4
9389.1
9389.2
9389.9
9390.9
9392.1
9392.4
9394.0
9394.3
9395.5
9396.2
9398.0
9398.2
9399.0
9400.9
9401.3
9401.3
9402.0
9402.1
9402.5
9402.7
9403.9
9404.8
9404.9
9405.1
9406.5
9406.5
9408.1
9410.6
9412.1
9415.8
9416.0
9417.1
9418.0
9418.1
9418.5
9419.7
9421.0
9421.3
9423.1
9425.0
9426.4
9427.0
9427.5
9430.3
9433.1
9433.2
9433.9
9434.2
9434.3
9434.7
9435.3
9436.4
9436.6
9437.6
9439.5
9441.2
9443.1
9443.5
9445.3
9445.4
9445.9
9446.0
9446.6
9447.2
9449.1
9449.5
9449.8
9450.5
9452.6
9452.9
9454.6
9455.7
9455.9
9456.5
9457.4
9458.0
9460.7
9460.8
9462.9
9462.9
9463.4
9467.0
9467.1
9468.0
9468.9
9469.4
9470.2
9471.0
9472.0
9472.5
9472.8
9472.9
9473.6
9473.7
9475.3
9475.8
9475.9
9476.4
9478.4
9478.4
9478.9
9479.0
9479.3
9482.4
9483.2
9483.7
9486.4
9492.0
9492.4
9494.4
9494.9
9495.4
9497.5
9499.6
9499.9
9500.6
9500.8
9501.5
9502.3
9503.0
9504.1
9506.6
9507.5
9508.0
9508.5
9509.9
9511.7
9511.7
9514.0
9516.0
9516.1
9518.0
9519.3
9521.6
9522.9
9523.5
9524.8
9526.9
9527.4
9527.8
9528.6
9528.6
9529.2
9531.2
9536.3
9539.9
9540.0
9540.3
9540.8
9541.7
9543.0
9546.6
9546.8
9547.0
9547.3
9548.6
9549.4
9550.3
9552.3
9552.5
9552.8
9553.0
9554.7
9556.1
9556.2
9557.8
9558.5
9558.9
9559.1
9560.0
9560.3
9560.8
9564.3
9565.3
9566.6
9567.1
9568.4
9569.4
9570.3
9570.6
9570.6
9571.7
9571.7
9572.6
9576.1
9577.8
9577.9
9578.5
9579.9
9580.5
9581.1
9581.1
9581.6
9582.4
9586.2
9587.3
9588.1
9588.4
9590.0
9590.8
9591.7
9591.9
9592.0
9592.1
9594.2
9595.6
9595.8
9595.8
9596.0
9596.5
9597.5
9597.6
9598.1
9598.5
9598.6
9598.9
9599.5
9602.2
9603.7
9604.9
9606.8
9611.8
9612.2
9613.7
9614.3
9616.0
9616.0
9616.6
9618.8
9619.3
9619.8
9620.0
9624.6
9625.6
9626.9
9628.2
9628.2
9628.4
9631.1
9631.6
9631.6
9632.6
9634.3
9634.3
9634.8
9635.3
9637.5
9637.9
9641.7
9642.0
9642.0
9642.5
9643.8
9644.5
9644.8
9645.1
9645.6
9645.8
9648.1
9649.8
9650.1
9650.6
9650.9
9651.5
9653.1
9653.6
9654.8
9655.1
9656.2
9657.2
9657.9
9658.4
9658.6
9661.2
9661.3
9662.3
9663.2
9663.2
9663.7
9666.5
9669.0
9670.4
9670.7
9671.7
9672.8
9674.4
9675.4
9676.2
9676.2
9677.4
9677.9
9678.4
9678.6
9680.0
9680.0
9680.1
9683.1
9684.2
9685.9
9689.0
9690.0
9692.3
9692.6
9693.0
9693.6
9694.1
9695.5
9697.9
9698.9
9703.6
9704.8
9706.5
9706.5
9707.0
9707.6
9711.3
9712.6
9713.5
9714.3
9714.4
9714.5
9714.9
9715.3
9717.8
9718.6
9718.9
9719.1
9720.4
9720.4
9720.6
9720.8
9721.2
9722.5
9723.9
9724.7
9724.8
9726.3
9728.9
9730.5
9731.5
9732.0
9732.3
9732.9
9733.4
9733.5
9734.2
9734.8
9735.2
9735.7
9737.4
9737.5
9738.5
9739.1
9741.1
9742.5
9742.9
9743.7
9744.2
9746.4
9747.1
9747.7
9749.2
9749.3
9749.7
9750.5
9753.4
9754.8
9755.3
9755.9
9755.9
9756.9
9760.0
9760.4
9762.7
9763.5
9765.1
9765.3
9766.2
9768.7
9768.9
9769.1
9771.3
9771.4
9774.0
9774.3
9775.3
9775.9
9778.8
9779.4
9779.5
9780.0
9780.5
9780.6
9781.0
9781.5
9782.8
9785.4
9786.3
9787.4
9791.9
9792.4
9793.3
9793.7
9794.1
9794.1
9795.0
9795.3
9795.3
9796.5
9797.3
9797.6
9798.1
9798.8
9800.0
9800.4
9802.8
9803.5
9804.1
9804.7
9806.9
9808.6
9810.0
9811.7
9812.5
9813.1
9814.8
9815.0
9816.1
9816.2
9816.7
9817.2
9817.7
9819.6
9819.8
9822.1
9825.1
9825.5
9827.2
9828.5
9829.2
9829.8
9830.5
9830.5
9830.6
9830.7
9832.6
9832.7
9833.3
9833.5
9834.4
9836.3
9836.7
9838.1
9838.1
9839.4
9839.6
9839.8
9840.3
9841.8
9842.1
9842.4
9843.3
9843.5
9843.7
9843.9
9844.2
9844.7
9844.9
9845.0
9845.4
9846.4
9846.5
9846.7
9847.1
9848.2
9848.7
9848.9
9852.7
9854.4
9854.9
9855.2
9857.4
9857.5
9858.3
9858.4
9858.4
9858.9
9861.1
9863.3
9863.5
9863.7
9864.9
9865.9
9866.0
9867.1
9867.5
9868.7
9869.3
9870.1
9873.5
9873.7
9874.9
9875.4
9876.8
9878.5
9878.7
9880.9
9881.0
9882.0
9882.0
9884.3
9884.4
9884.5
9884.9
9885.4
9885.9
9886.6
9887.8
9892.0
9892.1
9893.6
9894.4
9894.6
9895.7
9897.8
9897.9
9898.6
9899.0
9899.8
9900.5
9901.1
9901.1
9901.2
9901.7
9903.1
9903.2
9904.4
9904.7
9904.8
9904.8
9904.8
9905.3
9905.4
9906.1
9909.6
9910.0
9910.6
9911.4
9914.9
9915.7
9917.5
9917.6
9917.7
9917.9
9919.2
9919.4
9919.9
9922.4
9922.4
9923.0
9924.9
9925.1
9926.3
9927.5
9931.1
9932.1
9932.4
9932.7
9934.4
9934.6
9934.7
9935.3
9935.5
9935.6
9935.7
9938.1
9938.4
9939.5
9940.6
9940.7
9940.7
9943.1
9943.4
9944.3
9945.2
9945.3
9945.5
9948.2
9948.3
9949.4
9950.2
9951.2
9951.3
9952.0
9954.7
9956.1
9956.3
9957.6
9957.8
9958.2
9961.0
9963.4
9964.6
9965.8
9968.3
9970.5
9973.6
9975.9
9976.7
9977.3
9977.8
9978.0
9981.0
9981.2
9981.3
9981.4
9982.7
9983.8
9984.0
9984.8
9984.8
9985.5
9985.7
9988.5
9988.7
9988.8
9988.9
9989.3
9989.4
9989.7
9990.2
9991.9
9992.7
9993.6
9995.0
9995.2
9996.8
9997.4
9998.2
9999.3